
strategic_region={
	id=1
	name="STRATEGICREGION_1"
	provinces={
		919 920 921 922 923 1123 1821 1822 2571 2572 2573 2574 3211 3212 3213 3214 3215 3216 3217 3221 3222 3223 3224 3225 3767 3768 3921 3922 3923 3924 3925 3926 3927 4312 4313 4314 4315 4316 4317 4414 4415 6336 6426 6427 6666 6894 6895 6905 7118 7119 7483 7484 7511 7963 8028 8029 8030 8103 8104 8312 8313 8567 8854 9159 9303 9304 9305 9306 9764 9838 9839 9856 10252 10311 10611 10737 10944 10965 11044 11206 11281 11350 11391 11398 11399 11483 11646 11875 
	}
	weather={
		period={
			between={ 0.0 30.11 }
			temperature={ -10.0 35.0 }
			temperature_day_night={ 2.0 -2.0 }
			no_phenomenon=1.500
			rain_light=0.250
			rain_heavy=0.100
			snow=0.000
			blizzard=0.000
			mud=0.000
			sandstorm=0.000
			min_snow_level=0.000
		}
	}
}
