
strategic_region={
	id=10
	name="STRATEGICREGION_10"
	provinces={
		132 410 411 412 413 414 415 416 417 418 419 420 421 422 423 424 425 426 479 480 481 482 485 486 489 490 491 492 493 494 1130 1131 1132 1133 1134 2121 2122 3184 3305 3306 3442 3443 3444 3445 3457 3749 3750 3751 3752 3753 3754 3983 4365 4514 4833 4834 5117 5118 5447 5719 5720 6067 6068 6069 6086 6087 6396 6513 6514 6515 7277 7765 7942 7943 7944 7948 7949 7965 8258 8748 8821 9081 9082 9083 9084 9228 9229 9791 9792 10065 10161 10357 10647 10655 10816 10853 10875 10988 11073 11146 11247 11287 11319 11550 20334 
	}
	weather={
		period={
			between={ 0.0 30.11 }
			temperature={ -10.0 35.0 }
			temperature_day_night={ 2.0 -2.0 }
			no_phenomenon=1.500
			rain_light=0.250
			rain_heavy=0.100
			snow=0.000
			blizzard=0.000
			mud=0.000
			sandstorm=0.000
			min_snow_level=0.000
		}
	}
}
