
strategic_region={
	id=101
	name="STRATEGICREGION_101"
	provinces={
		12017 12038 12103 12133 12134 12152 12172 12178 12187 12188 12189 12190 12191 12192 12193 12212 12214 12215 12216 12283 12287 12288 12339 12350 12360 12369 12372 12386 12443 12462 12463 12481 12509 12545 12564 12565 12566 12585 12589 12623 12636 12637 12642 12643 12644 12645 12646 12647 12648 12728 12736 12791 12795 12809 12839 12867 12929 12982 13082 13096 13125 13132 13162 13172 13173 13181 13183 13189 13192 13193 13194 13195 13197 13213 13214 13221 13262 13263 13265 13280 13284 13297 13298 13311 13312 13321 13326 13327 13377 13407 13420 13440 13441 13442 13443 13464 13483 13538 13550 13559 13579 13610 13611 13617 13654 13680 13719 13723 13767 13791 13805 13830 13842 13847 13848 13849 13850 13851 13887 13891 13893 13951 13980 13993 14029 14054 14112 14115 14116 14169 14175 14176 14207 14208 14209 14211 14212 14233 14255 14265 14266 14268 14269 14345 14355 14383 14420 14425 14426 14436 14437 14438 14456 14484 14514 14524 14573 14606 14626 14631 14645 14687 14735 14736 14740 14775 14784 14792 14807 14814 14836 14843 14844 14845 14846 14864 14878 14890 14891 14902 14903 14904 14920 14973 14974 14975 14988 14991 15005 15009 15042 15052 15103 15154 15160 15162 15177 15186 15197 15198 15201 15202 15234 15236 15237 15238 15239 15241 15265 15272 15275 15315 15330 15331 15332 15338 15363 15368 15376 15377 15414 15472 15474 15488 15489 15490 15491 15503 15539 15542 15544 15556 15559 15560 15561 15562 15588 15622 15632 15674 15711 15722 15756 15782 15783 15784 15789 15827 15832 15842 15855 15858 15943 15944 15945 15977 16006 16018 16029 16030 16040 16041 16074 16094 16097 16116 16125 16143 16165 16168 16226 16227 16294 16305 16346 16357 16358 16389 16390 16391 16425 16436 16455 16477 16490 16491 16537 16538 16548 16550 16580 16581 16582 16583 16584 16585 16604 16632 16636 16741 16814 16859 16860 16861 16899 16932 16939 16951 16953 16954 16962 17042 17049 17052 17059 17079 17093 17104 17119 17148 17151 17179 17211 17231 17244 17313 17321 17371 17373 17386 17403 17416 17428 17444 17449 17457 17483 17493 17537 17542 17553 17554 17555 17556 17587 17589 17599 17668 17669 17670 17703 17711 17766 17767 17799 17807 17831 17832 17846 17849 17850 17862 17874 17914 17934 17935 17950 17959 17961 17965 17966 17970 17971 17973 18000 18020 18051 18085 18089 18124 18129 18209 18220 18223 18235 18241 18250 18252 18253 18264 18268 18275 18306 18311 18354 18355 18379 18380 18394 18395 18396 18436 18437 18466 18472 18476 18542 18549 18558 18571 18598 18628 18667 18675 18677 18743 18751 18756 18802 18825 18842 18843 18878 18879 18908 18914 18930 18943 18997 18998 19024 19036 19059 19060 19063 19097 19103 19162 19165 19170 19223 19226 19233 19254 19265 19294 19320 19324 19348 19440 19445 19459 19505 
	}
	weather={
		period={
			between={ 0.0 29.5 }
			temperature={ -10.0 35.0 }
			temperature_day_night={ 2.0 -2.0 }
			no_phenomenon=1.500
			rain_light=0.250
			rain_heavy=0.100
			snow=0.000
			blizzard=0.000
			mud=0.000
			sandstorm=0.000
			min_snow_level=0.000
		}
		period={
			between={ 0.6 30.11 }
			temperature={ -10.0 35.0 }
			temperature_day_night={ 2.0 -2.0 }
			no_phenomenon=1.500
			rain_light=0.250
			rain_heavy=0.100
			snow=0.000
			blizzard=0.000
			mud=0.000
			sandstorm=0.000
			min_snow_level=0.000
		}
	}
}
