
strategic_region={
	id=103
	name="STRATEGICREGION_103"
	provinces={
		12031 12043 12077 12095 12155 12195 12207 12455 12479 12492 12502 12571 12572 12573 12574 12575 12576 12577 12578 12579 12580 12668 12669 12702 12703 12704 12812 12853 12946 12947 12948 12984 12997 12998 12999 13003 13047 13048 13049 13050 13070 13115 13147 13218 13243 13295 13400 13534 13563 13575 13584 13613 13662 13672 13936 13969 14004 14105 14177 14205 14264 14296 14333 14389 14402 14491 14522 14625 14661 14662 14826 14860 14870 14967 14968 14969 14996 15008 15034 15035 15036 15045 15207 15208 15209 15210 15212 15222 15228 15293 15319 15470 15673 15714 15740 15741 15769 15796 15847 15954 15955 15983 15984 16003 16010 16011 16012 16013 16138 16139 16148 16163 16173 16187 16210 16241 16247 16257 16299 16303 16347 16355 16422 16427 16637 16638 16653 16688 16735 16751 16829 16866 17004 17099 17276 17280 17300 17372 17417 17455 17546 17641 17677 17691 17772 17781 17790 17791 17813 17857 17893 17894 17963 18004 18018 18019 18151 18196 18262 18269 18426 18433 18443 18453 18454 18610 18663 18702 18772 18791 18824 18850 18909 18912 18983 19053 19070 19231 19273 19303 19338 19374 19457 19502 20601 
	}
	weather={
		period={
			between={ 0.0 30.11 }
			temperature={ -10.0 35.0 }
			temperature_day_night={ 2.0 -2.0 }
			no_phenomenon=1.500
			rain_light=0.250
			rain_heavy=0.100
			snow=0.000
			blizzard=0.000
			mud=0.000
			sandstorm=0.000
			min_snow_level=0.000
		}
	}
}
