
strategic_region={
	id=104
	name="STRATEGICREGION_104"
	provinces={
		12029 12037 12042 12047 12048 12049 12050 12051 12052 12075 12080 12082 12132 12138 12145 12146 12147 12165 12166 12256 12257 12265 12282 12293 12304 12318 12351 12352 12370 12418 12420 12459 12460 12480 12491 12503 12504 12505 12513 12549 12557 12558 12591 12653 12661 12662 12680 12682 12683 12688 12689 12690 12698 12709 12723 12742 12766 12882 12894 12922 12934 12937 12968 12969 12981 13077 13078 13088 13112 13121 13123 13130 13134 13142 13156 13168 13169 13184 13191 13200 13205 13208 13211 13293 13300 13322 13323 13336 13338 13366 13392 13402 13421 13422 13423 13424 13445 13459 13463 13498 13521 13548 13565 13625 13629 13645 13653 13660 13699 13753 13756 13759 13760 13774 13863 13882 13896 13955 13974 13999 14002 14003 14015 14047 14126 14141 14161 14232 14243 14280 14291 14292 14293 14294 14302 14312 14359 14398 14405 14442 14475 14477 14487 14488 14489 14505 14508 14539 14550 14610 14611 14634 14641 14649 14650 14689 14723 14737 14795 14823 14828 14833 14853 14868 14873 14885 14921 14922 14943 14944 14945 14961 14970 14987 15000 15010 15014 15025 15029 15043 15047 15083 15099 15115 15124 15125 15158 15187 15229 15287 15295 15299 15310 15340 15346 15352 15369 15407 15554 15555 15569 15570 15592 15600 15604 15608 15637 15638 15719 15720 15734 15745 15816 15819 15820 15834 15848 15849 15850 15854 15872 15875 15876 15877 15892 15900 15915 15924 15928 15990 16019 16027 16062 16063 16064 16065 16090 16091 16100 16126 16147 16155 16203 16215 16221 16265 16344 16351 16364 16371 16396 16417 16428 16437 16492 16497 16511 16522 16589 16593 16594 16595 16598 16616 16631 16649 16663 16712 16715 16716 16717 16718 16801 16812 16824 16839 16872 16883 16936 16968 16986 16991 16997 17012 17025 17053 17063 17068 17097 17098 17112 17142 17162 17218 17275 17283 17304 17305 17338 17349 17392 17438 17448 17458 17464 17475 17485 17490 17496 17513 17530 17536 17557 17559 17573 17615 17649 17650 17660 17662 17675 17680 17696 17704 17713 17726 17727 17745 17757 17761 17762 17777 17789 17816 17833 17871 17886 17895 17917 17928 17933 17940 17967 18029 18038 18048 18053 18061 18078 18084 18102 18107 18134 18135 18138 18139 18140 18142 18159 18180 18302 18314 18323 18324 18332 18333 18343 18375 18377 18392 18398 18416 18459 18501 18515 18538 18559 18574 18581 18599 18600 18613 18639 18653 18659 18662 18671 18696 18718 18727 18746 18762 18790 18795 18830 18862 18901 18905 18947 18949 19009 19041 19052 19072 19096 19114 19129 19131 19140 19158 19160 19171 19177 19208 19214 19221 19229 19249 19250 19272 19286 19334 19357 19365 19375 19376 19390 19412 19416 19426 19427 19453 19456 19472 19473 19488 19497 
	}
	weather={
		period={
			between={ 0.0 29.5 }
			temperature={ -10.0 35.0 }
			temperature_day_night={ 2.0 -2.0 }
			no_phenomenon=1.500
			rain_light=0.250
			rain_heavy=0.100
			snow=0.000
			blizzard=0.000
			mud=0.000
			sandstorm=0.000
			min_snow_level=0.000
		}
		period={
			between={ 0.6 30.11 }
			temperature={ -10.0 35.0 }
			temperature_day_night={ 2.0 -2.0 }
			no_phenomenon=1.500
			rain_light=0.250
			rain_heavy=0.100
			snow=0.000
			blizzard=0.000
			mud=0.000
			sandstorm=0.000
			min_snow_level=0.000
		}
		period={
			between={ 0.0 30.11 }
			temperature={ -10.0 35.0 }
			temperature_day_night={ 2.0 -2.0 }
			no_phenomenon=1.500
			rain_light=0.250
			rain_heavy=0.100
			snow=0.000
			blizzard=0.000
			mud=0.000
			sandstorm=0.000
			min_snow_level=0.000
		}
	}
}
