
strategic_region={
	id=11
	name="STRATEGICREGION_11"
	provinces={
		36 37 38 39 40 41 486 487 488 489 490 491 493 494 495 496 1130 1131 1132 1133 1134 2121 2122 2810 2811 3442 3444 3445 3722 3723 3749 3750 3751 3752 3753 3754 3763 4365 4833 4834 5114 5719 5720 6086 6087 6396 6397 6398 6513 7060 7161 7162 7277 7765 7942 7943 7944 7948 7949 7965 8201 8258 9791 9792 9957 9958 10065 10161 10875 10988 11073 11405 11464 11550 11690 
	}
	weather={
		period={
			between={ 0.0 30.11 }
			temperature={ -10.0 35.0 }
			temperature_day_night={ 2.0 -2.0 }
			no_phenomenon=1.500
			rain_light=0.250
			rain_heavy=0.100
			snow=0.000
			blizzard=0.000
			mud=0.000
			sandstorm=0.000
			min_snow_level=0.000
		}
	}
}
