
strategic_region={
	id=113
	name="STRATEGICREGION_113"
	provinces={
		66 67 68 69 70 71 72 133 432 433 434 435 436 437 438 439 440 441 442 1160 1161 1297 1298 1299 1300 1301 1302 1303 2318 2397 2398 2399 2400 2401 2765 2766 3238 3239 3240 4055 4056 4057 4058 4059 4060 4061 4062 4140 4141 4329 4330 5199 5200 5276 5277 5917 6275 6276 6277 6278 6594 6677 7329 7449 7610 8558 8768 8923 8924 8929 9005 9107 9258 9279 9280 9425 9807 9855 10001 10543 10684 10698 10814 10996 11235 11323 11324 11347 11426 11479 11492 11739 11803 11864 11896 11902 11935 20409 20413 20416 20455 
	}
	weather={
	}
}
