
strategic_region={
	id=117
	name="STRATEGICREGION_117"
	provinces={
		23 549 550 551 776 777 778 1345 1346 1347 1348 1818 1819 1820 1823 1824 1825 1826 2515 3202 3473 4291 4615 4616 4617 5293 5294 5296 5707 5708 5709 5754 5944 5945 6040 6041 6042 6043 6044 6045 6046 6290 6433 6434 6435 6436 6464 6465 6466 6467 6649 6651 6652 7431 8173 8198 8200 8267 8552 8553 8554 8686 8691 8999 9000 9247 9248 9259 9260 9284 9418 9622 9805 10300 10648 10705 10707 10708 11046 11075 11176 11191 11192 11305 11422 11487 11664 11665 11904 20333 20341 20343 20344 20348 20349 20350 20354 20355 
	}
	weather={
	}
}
