
strategic_region={
	id=12
	name="STRATEGICREGION_12"
	provinces={
		25 26 27 28 29 30 31 32 33 34 203 204 427 428 429 430 431 679 680 1891 1892 1893 1894 1894 3373 3374 3375 3376 3439 4406 4407 4408 4853 4854 5112 5113 5587 5588 5589 5590 5591 5750 5751 5752 6726 6727 6728 6842 6843 6844 7804 7892 7893 8391 8392 8542 8543 8544 8678 8784 9253 9876 9929 10058 10059 10537 10666 10723 10769 11049 11277 11309 11428 11452 11546 11827 
	}
	weather={
		period={
			between={ 0.0 30.11 }
			temperature={ -10.0 35.0 }
			temperature_day_night={ 2.0 -2.0 }
			no_phenomenon=1.500
			rain_light=0.250
			rain_heavy=0.100
			snow=0.000
			blizzard=0.000
			mud=0.000
			sandstorm=0.000
			min_snow_level=0.000
		}
	}
}
