
strategic_region={
	id=128
	name="STRATEGICREGION_128"
	provinces={
		22 304 308 758 762 1296 1448 1523 1524 1527 2354 2355 2376 2511 2513 2514 2517 2518 2546 2956 2957 3201 3203 3204 3205 3206 3207 3208 3209 3405 3455 4074 4984 5067 5069 5070 5071 5072 5078 5164 5165 5345 5480 5955 5956 5957 5958 5959 6415 6416 6418 6419 6420 6423 6424 6425 6459 6460 6461 6462 6463 6640 6646 6647 7258 7259 7429 7430 7436 7437 7438 7439 7440 7571 7572 7955 7975 8021 8022 8023 8690 9104 9105 9216 9261 9306 9409 9410 9552 9598 9599 9628 9637 9739 9984 9985 10513 10665 10750 10770 11041 11190 11358 11391 11455 11653 11672 19516 19518 19519 19521 19522 19523 19565 19566 19567 19568 19602 19603 19615 19616 19617 20342 20345 20346 20347 20351 20352 20353 20356 20357 20359 20360 20362 20370 20454 
	}
	weather={
	}
}
