
strategic_region={
	id=129
	name="STRATEGICREGION_129"
	provinces={
		783 784 786 888 889 890 970 971 972 973 974 975 977 978 979 989 2823 3134 3135 3136 3138 3807 3830 3892 4004 4011 4016 4017 4018 4021 4022 4149 4152 4181 4182 4184 4588 5214 5215 5217 5218 5219 5220 5221 5222 5230 5785 5844 5845 7048 7049 7056 7419 7420 7539 7959 7960 8269 8498 8499 8500 9174 9340 9447 9783 9784 10677 11314 11518 11819 11869 11903 19514 19652 19663 19664 19665 19666 19667 19668 19669 19670 19671 19674 
	}
	weather={
	}
}
