
strategic_region={
	id=131
	name="STRATEGICREGION_131"
	provinces={
		1246 1247 1248 1249 1250 1251 1252 1253 1255 1261 1262 1263 1264 1265 1266 1267 1271 1272 2451 2452 2456 2461 3047 3048 3049 3050 4347 4496 4497 4498 4499 5081 5082 5083 5084 5085 5884 5885 5886 5887 5888 6116 6117 6118 6221 7042 7043 7044 7151 7152 7153 7154 7155 7156 7254 7715 7716 7717 7908 7909 7910 8063 8135 8136 8137 8151 8393 8895 8992 9070 9101 9461 9462 9485 9486 10890 10891 10995 11021 11166 11585 11683 19618 
	}
	weather={
	}
}
