
strategic_region={
	id=132
	name="STRATEGICREGION_132"
	provinces={
		212 444 445 446 520 521 522 523 524 565 566 567 568 570 571 865 866 867 868 869 870 871 872 873 1017 1018 1019 1020 1152 1153 1154 1155 1156 1758 1759 1760 1761 2010 2011 2347 2973 3055 3167 3496 3691 3875 3876 4109 4111 4195 4391 4392 4393 4394 4547 5124 5125 5648 5649 5650 5651 5908 6320 6321 6322 6323 6925 7313 7314 7699 7925 7986 8053 8054 8156 8219 8674 8675 8687 9369 9370 9371 9426 9463 9740 9797 9968 10011 10448 10489 10657 10706 10842 11109 11274 11514 11774 11786 11853 11873 19621 19622 19623 19626 19628 19629 19630 19633 19635 19689 20996 20997 21008 
	}
	weather={
	}
}
