
strategic_region={
	id=135
	name="STRATEGICREGION_135"
	provinces={
		250 581 582 583 584 585 586 587 588 589 592 594 595 979 980 981 982 983 984 985 986 987 988 1094 1095 1096 1097 1098 1099 1349 1350 1351 1352 1849 2285 2286 2287 2288 2289 2290 2821 2822 2823 2958 3073 3074 3075 3076 3077 4151 4486 4685 5126 5127 5128 5129 5130 5215 5217 5406 5460 6036 6037 6038 7048 7049 7191 7263 7264 7278 7279 7280 7281 7282 7365 7513 7514 7659 8670 8792 8793 8894 9152 9367 9650 9821 10033 10034 10120 10401 10408 10583 10584 10601 10739 10740 10804 11314 11320 11359 11466 11486 11628 11679 11772 11903 19656 19657 19660 19661 19662 19663 
	}
	weather={
	}
}
