
strategic_region={
	id=137
	name="STRATEGICREGION_137"
	provinces={
		350 351 352 353 447 453 454 518 780 781 782 785 2005 2006 2348 3141 3142 3143 3144 3145 3146 3147 3700 3701 4110 4226 4227 4228 4229 4230 4231 4232 4233 4234 4235 4236 4237 4238 4239 4240 4538 4539 4540 4541 4542 4543 4544 4545 4546 4548 4549 4550 4551 4552 4553 4554 4806 4807 4808 4809 4810 4811 5629 6023 6544 6545 7312 7620 7621 7700 8175 9291 9296 9297 9363 9558 10298 10299 10427 10699 11087 11465 11677 11753 11845 19672 19673 19677 19678 19679 
	}
	weather={
	}
}
