
strategic_region={
	id=14
	name="STRATEGICREGION_14"
	provinces={
		47 48 49 51 280 281 282 1335 1486 1487 1488 1489 1490 1491 1492 1554 1555 1556 1557 3456 3457 4156 4157 4158 4159 4160 4163 4164 4165 4166 4168 4169 5625 5626 5628 6588 7132 7133 7134 8491 8736 8737 9069 9903 10387 10764 10765 10873 11082 11697 11712 11850 19524 19525 19526 19528 19529 19531 19532 19533 19577 19579 19580 19581 19582 19583 
	}
	weather={
		period={
			between={ 0.0 30.11 }
			temperature={ -10.0 35.0 }
			temperature_day_night={ 2.0 -2.0 }
			no_phenomenon=1.500
			rain_light=0.250
			rain_heavy=0.100
			snow=0.000
			blizzard=0.000
			mud=0.000
			sandstorm=0.000
			min_snow_level=0.000
		}
	}
}
