
strategic_region={
	id=15
	name="STRATEGICREGION_15"
	provinces={
		42 43 44 45 46 47 48 49 50 51 52 53 54 55 56 57 58 59 60 402 403 408 1237 1238 1239 1240 1241 1242 1486 1487 1488 1489 2542 2543 2544 2545 2546 2651 2652 2653 2654 2655 2656 2657 2658 2659 3263 3264 3265 3266 3456 3637 3638 3639 3640 3641 3642 4123 4124 4163 4164 4165 4166 4167 4585 4586 4587 4602 4603 4604 4605 4624 4625 4626 4627 4628 4629 4630 4631 4632 4633 4866 4867 5148 5149 5150 5151 5297 5298 5925 5939 5940 6144 6145 6146 6147 6376 6377 6482 6483 6588 6610 6611 6613 6760 6761 6798 6921 7286 7287 7442 7497 7498 7499 7500 7501 7537 7697 7698 7840 7858 7915 7930 8294 8305 8311 8561 8562 8620 8724 8725 8736 8737 8738 8888 9170 9211 9443 9464 9597 9702 9903 9961 9962 10116 10123 10124 10175 10199 10312 10316 10379 10387 10410 10435 10466 10602 10664 10694 10714 10920 11082 11106 11129 11226 11408 11412 11632 11633 11796 11828 11829 11830 11850 11866 11905 19527 19529 19530 19533 19534 19535 
	}
	weather={
	}
}
