
strategic_region={
	id=154
	name="STRATEGICREGION_154"
	provinces={
		564 1495 1496 2735 3313 3314 3648 3649 3793 3794 3795 3796 3797 3798 3884 4153 4380 4819 4952 4953 5141 5665 6049 6242 6849 6850 6851 6960 7182 7344 7606 7995 8255 8428 8526 8939 9110 9111 9112 9424 9770 9943 10047 10276 10342 10587 10588 10959 11014 11269 11482 11595 11621 11882 11930 19718 19723 19729 19731 19735 19736 19742 19746 19752 19764 19768 19769 19772 19784 19786 19787 19791 19793 19794 19795 19800 19805 19806 19808 19809 19811 19815 19816 19818 19819 19824 19825 19829 19841 20304 
	}
	weather={
		period={
			between={ 0.0 29.5 }
			temperature={ -10.0 35.0 }
			temperature_day_night={ 2.0 -2.0 }
			no_phenomenon=1.500
			rain_light=0.250
			rain_heavy=0.100
			snow=0.000
			blizzard=0.000
			mud=0.000
			sandstorm=0.000
			min_snow_level=0.000
		}
		period={
			between={ 0.6 30.11 }
			temperature={ -10.0 35.0 }
			temperature_day_night={ 2.0 -2.0 }
			no_phenomenon=1.500
			rain_light=0.250
			rain_heavy=0.100
			snow=0.000
			blizzard=0.000
			mud=0.000
			sandstorm=0.000
			min_snow_level=0.000
		}
	}
}
