
strategic_region={
	id=156
	name="STRATEGICREGION_156"
	provinces={
		7 8 1650 1651 1652 1653 1654 1655 1828 1829 1830 1831 1832 1833 1834 1835 2333 2334 2335 2336 2337 2338 3175 3176 3177 3178 3179 3528 3529 3530 4073 4559 4560 5414 5415 5417 5418 6661 6662 7601 7619 7672 7673 7782 8248 8511 8532 8671 9120 9264 9384 9711 10048 10049 10340 10375 10444 10819 11027 11028 11174 11175 11242 11659 11890 11950 11951 11952 19775 19782 19801 19802 19803 19820 19821 19833 19834 19842 19843 19853 19859 19864 19874 19886 
	}
	weather={
	}
}
