
strategic_region={
	id=157
	name="STRATEGICREGION_157"
	provinces={
		9 10 11 12 13 14 15 387 388 389 390 391 392 393 1656 1657 1658 3650 3651 3652 3653 3654 3655 4726 4727 4728 4729 4730 4731 4732 4733 4864 5025 6961 6962 6963 6988 6989 6990 7319 7389 7912 7913 9139 9337 9496 9828 9987 10013 10115 10359 10360 10437 10457 10823 10824 10931 10979 11264 11265 11543 11760 11769 11877 19881 19890 19891 19901 19905 19911 19924 19931 19935 19949 19957 19959 19963 19972 19973 19975 19983 19989 19998 19999 20005 20006 20009 20012 20022 20024 20029 20030 20031 20035 20045 20048 20049 20056 20058 20063 20068 20072 20083 20100 20103 20104 20310 
	}
	weather={
		period={
			between={ 0.0 29.5 }
			temperature={ -10.0 35.0 }
			temperature_day_night={ 2.0 -2.0 }
			no_phenomenon=1.500
			rain_light=0.250
			rain_heavy=0.100
			snow=0.000
			blizzard=0.000
			mud=0.000
			sandstorm=0.000
			min_snow_level=0.000
		}
		period={
			between={ 0.6 30.11 }
			temperature={ -10.0 35.0 }
			temperature_day_night={ 2.0 -2.0 }
			no_phenomenon=1.500
			rain_light=0.250
			rain_heavy=0.100
			snow=0.000
			blizzard=0.000
			mud=0.000
			sandstorm=0.000
			min_snow_level=0.000
		}
	}
}
