
strategic_region={
	id=159
	name="STRATEGICREGION_159"
	provinces={
		1162 1163 1606 1607 1608 1713 1714 1715 3329 3330 3331 3332 3333 3338 3339 3340 3342 3343 3345 3346 3894 3895 3896 3897 3898 3899 3900 3901 4206 4207 4208 4209 4210 5307 5308 5356 5357 5501 5502 6165 6166 6167 6168 6267 6268 6518 6598 6683 6684 6685 6686 6782 6783 6841 7065 7066 7067 7166 7167 7243 7291 7324 7325 7326 7592 7593 7594 7739 7818 8092 8116 8527 8704 8865 8897 8898 8977 8978 8979 9502 9654 9852 9908 9918 10337 10353 10354 10441 10497 10552 10624 10632 11544 11676 11915 11916 20026 20037 20038 20050 20059 20060 20065 20073 20074 20080 20086 20090 20092 20093 20098 20101 20102 20106 20110 20113 20115 20116 20118 20119 20126 20129 20130 20143 20144 20148 20149 20154 20160 20164 20169 20170 20174 20176 20181 20184 20188 20189 20190 20191 20194 20196 20198 20199 20203 20208 20210 20211 20212 20216 20223 20229 20309 20313 20314 20328 21001 21001 
	}
	weather={
	}
}
