
strategic_region={
	id=160
	name="STRATEGICREGION_160"
	provinces={
		163 164 165 1437 1499 1500 1501 1502 1503 1504 1505 1506 1507 1508 1509 1511 1535 2048 2086 2087 2088 2249 2250 2358 2375 2429 2430 2431 2432 2433 2434 2435 2436 2437 2438 2587 2588 2589 2590 2641 2642 2643 2644 2645 2646 2695 2696 2970 3353 3553 3778 3843 3844 3845 3934 3935 4199 4296 4297 4298 4924 4925 4926 4927 4937 4938 4939 5287 5288 5325 5326 5442 5636 6012 6025 6031 6032 6033 6034 6035 6058 6088 6089 6437 6438 6536 6648 6706 6707 6759 7207 7297 7379 7463 7467 7701 7854 8003 8009 8115 8158 8159 8160 8204 8216 8217 8218 8394 8461 8506 8510 8533 8658 8763 8864 8867 8882 8933 8970 9003 9007 9009 9010 9036 9037 9230 9285 9286 9290 9312 9315 9381 9433 9500 9532 9607 9645 9755 9860 9895 9988 10066 10086 10103 10104 10274 10280 10301 10428 10487 10541 10673 10807 10812 10835 10866 11096 11136 11209 11386 11401 11651 11778 11948 11953 11955 11956 11957 11958 11959 11960 11961 11962 11963 19694 19695 19696 19697 19698 19699 19700 19701 19702 19703 19704 19705 19706 19707 19708 19709 19710 19712 19715 19716 19717 19719 19720 19721 19724 19725 19727 19733 19734 19738 19741 19743 19744 19745 19747 19748 19751 19753 19755 19757 19758 19761 19763 19766 19767 19771 19773 19776 19779 19780 19781 19783 19785 19788 19790 19792 19796 19797 19799 19810 19822 19826 19827 19830 19831 19832 19836 19895 19904 19906 19915 19922 19923 19932 19938 19939 19943 19953 19955 19960 19961 19964 19966 19977 19978 19980 19981 19984 19991 19993 19996 20000 20007 20013 20016 20019 20042 20053 20057 20061 20066 20067 20071 20077 20078 20079 20089 20094 20095 20096 20099 20107 20111 20112 20117 20121 20122 20124 20125 20127 20131 20135 20136 20138 20139 20140 20141 20145 20146 20147 20150 20152 20153 20155 20156 20157 20161 20162 20165 20166 20171 20172 20175 20177 20178 20179 20182 20187 20192 20195 20197 20200 20206 20207 20213 20214 20215 20217 20221 20224 20225 20226 20302 20307 20317 20318 20320 20323 20324 
	}
	weather={
	}
}
