
strategic_region={
	id=168
	name="STRATEGICREGION_168"
	provinces={
		624 625 626 627 628 629 630 1746 1747 1748 1803 1804 1805 1947 1948 1949 1950 1951 1952 1953 1954 2291 2575 2576 2577 2578 2579 2887 2888 2889 2890 2946 2947 2948 3274 3275 3291 3292 3293 3294 3296 3297 3298 3299 3300 3301 3302 3303 3304 3378 3379 3380 3381 3382 3383 3552 4094 4095 4096 4692 4693 4694 4695 4696 4844 4845 4846 4847 4871 4872 5119 5263 5266 5267 5268 5448 5561 5624 5715 5721 5825 5826 6510 6538 6539 6540 6541 6765 6766 6767 7082 7083 7084 7403 7404 7675 7810 7811 7820 7957 8002 8183 8547 8728 8729 8759 9001 9034 9415 9676 10478 10479 10499 10530 10640 10876 11639 11780 11781 20461 20462 
	}
	weather={
	}
}
