
strategic_region={
	id=170
	name="STRATEGICREGION_170"
	provinces={
		845 847 1561 1563 1564 1565 1566 4010 4012 4013 4014 4015 4423 4424 4425 4426 4749 4753 4985 4987 4988 5967 5986 5987 6711 6789 6792 6793 6794 6795 6796 6797 8080 8147 9243 9244 9379 9428 9674 9790 10190 10191 10320 10459 10688 10742 11138 11221 11385 11680 11814 20499 20501 20506 20509 20512 20513 20515 20518 20519 20520 20525 20526 20527 20530 20531 20532 20533 20535 20536 20537 20539 20540 20541 20543 20545 20546 20547 20548 20550 20551 20555 20556 20557 20558 20559 20560 20561 20562 20563 20564 20565 20566 20567 20568 20571 
	}
	weather={
		period={
			between={ 0.0 29.5 }
			temperature={ -10.0 35.0 }
			temperature_day_night={ 2.0 -2.0 }
			no_phenomenon=1.500
			rain_light=0.250
			rain_heavy=0.100
			snow=0.000
			blizzard=0.000
			mud=0.000
			sandstorm=0.000
			min_snow_level=0.000
		}
		period={
			between={ 0.6 30.11 }
			temperature={ -10.0 35.0 }
			temperature_day_night={ 2.0 -2.0 }
			no_phenomenon=1.500
			rain_light=0.250
			rain_heavy=0.100
			snow=0.000
			blizzard=0.000
			mud=0.000
			sandstorm=0.000
			min_snow_level=0.000
		}
	}
}
