
strategic_region={
	id=18
	name="STRATEGICREGION_18"
	provinces={
		409 834 835 836 837 846 1084 1322 2190 2191 2192 2599 2600 2601 2602 2622 2623 2624 2625 2626 2627 2628 2629 2630 2631 2632 2812 2969 3099 3100 3101 3102 3103 3104 3105 3166 3483 3484 3664 4419 4562 5570 5571 5699 5817 6364 6365 6428 6430 6441 6442 6448 6790 6791 6802 6803 6804 6805 6940 6996 7069 7070 7170 7171 7318 7638 7843 7899 8042 8043 8044 8045 8046 8180 8181 8182 8239 8337 8338 8799 8814 8879 8889 9332 9333 9334 9335 9347 9348 9417 9548 9588 9640 9641 9786 9787 9881 9882 9884 10000 10064 10156 10162 10575 10767 10947 11002 11122 11170 11214 11254 11643 
	}
	weather={
		period={
			between={ 0.0 30.11 }
			temperature={ -10.0 35.0 }
			temperature_day_night={ 2.0 -2.0 }
			no_phenomenon=1.500
			rain_light=0.250
			rain_heavy=0.100
			snow=0.000
			blizzard=0.000
			mud=0.000
			sandstorm=0.000
			min_snow_level=0.000
		}
	}
}
