
strategic_region={
	id=2
	name="STRATEGICREGION_2"
	provinces={
		549 550 551 776 777 778 1346 1347 1348 1527 3201 3202 3203 3473 3474 4291 5293 5294 5295 5707 5708 5709 6040 6041 6042 6043 6044 6045 6046 6290 6434 6435 6436 6464 6465 6466 6467 6649 6650 6651 6652 8173 8198 8199 8200 8267 8552 8553 8554 8686 8690 8999 9000 9247 9248 9259 9260 9261 9284 9391 9418 9622 10319 10648 10707 10708 11024 11046 11075 11176 11191 11192 11422 11487 11664 11665 
	}
	weather={
		period={
			between={ 0.0 30.11 }
			temperature={ -10.0 35.0 }
			temperature_day_night={ 2.0 -2.0 }
			no_phenomenon=1.500
			rain_light=0.250
			rain_heavy=0.100
			snow=0.000
			blizzard=0.000
			mud=0.000
			sandstorm=0.000
			min_snow_level=0.000
		}
	}
}
