
strategic_region={
	id=20
	name="STRATEGICREGION_20"
	provinces={
		718 718 719 719 720 720 721 721 722 722 723 724 724 725 725 726 726 727 727 728 728 729 729 730 730 731 731 844 2274 2274 2275 2275 2276 2276 2277 2277 2278 2278 2340 2340 2341 2341 2342 2342 2343 2343 2344 2344 2345 2345 2421 2422 2422 2423 2423 2424 2424 2425 2425 2426 2426 2427 2427 2428 2428 2428 4020 4020 4241 4241 4242 4242 4243 4243 4610 4610 4611 4611 5912 5913 5913 5914 5914 7185 7185 7186 7711 7711 7770 7770 7868 7868 8858 8858 9150 9150 9411 9411 9453 9453 9822 9822 9845 9845 9983 9983 10218 10218 10892 10892 11007 11007 11029 11029 11030 11030 11102 11102 11353 11353 11366 11366 11649 11649 20464 20465 20466 20468 20469 20474 20476 20477 20477 20479 20481 20482 20484 20484 20485 20486 20487 20488 20489 20490 20490 20491 20496 20498 20500 20502 20503 20504 20505 20505 20507 20508 20510 20511 20514 20516 20517 20521 20522 20524 20529 
	}
	weather={
		period={
			between={ 0.0 30.11 }
			temperature={ -10.0 35.0 }
			temperature_day_night={ 2.0 -2.0 }
			no_phenomenon=1.500
			rain_light=0.250
			rain_heavy=0.100
			snow=0.000
			blizzard=0.000
			mud=0.000
			sandstorm=0.000
			min_snow_level=0.000
		}
	}
}
