
strategic_region={
	id=201
	name="STRATEGICREGION_201"
	provinces={
		409 836 837 848 848 849 849 1564 1565 1566 2601 2602 3102 4423 4424 4425 4426 4752 5570 5571 5986 5987 6448 6789 6789 6790 6791 6792 6793 6794 6795 6796 6797 7069 7070 8814 9379 9588 10459 10742 10767 11221 11680 20497 20501 20513 20515 20519 20520 20525 20526 20533 20536 20536 20537 20540 20541 20543 20545 20545 20548 20551 20555 20556 20558 21072 21083 21095 21096 21097 21104 21107 21111 21116 21117 21124 21134 21150 
	}
	weather={
	}
}
