
strategic_region={
	id=22
	name="STRATEGICREGION_22"
	provinces={
		833 4170 4177 4184 4187 4189 4193 4194 4196 4198 4204 4206 4209 4211 4212 4213 4220 4221 4222 4224 4225 4230 4231 4232 4234 4237 4239 4243 4246 4250 4251 4252 4256 4257 4261 4265 4266 4267 4268 4278 4288 4289 4293 4294 4295 4305 4306 4312 4319 4323 4326 4330 4334 4341 4342 4343 4348 4359 4364 4365 4368 4369 4376 4377 4379 4393 4394 4398 4401 4407 4408 4424 4425 4426 4435 4440 4447 4448 4452 4458 4466 4482 4490 4491 4496 4523 4524 4573 5758 5878 5881 
	}
	weather={
	}
}
