
strategic_region={
	id=22
	name="STRATEGICREGION_22"
	provinces={
		850 851 852 853 854 855 856 857 858 1297 1298 1300 1712 2063 2064 2065 2066 2067 2068 2069 2070 2318 2398 2399 2400 2401 5534 5917 5960 5961 5962 5963 5964 5965 5966 6429 7733 7979 7980 7981 7982 8235 8236 8558 8588 8589 9131 9258 10170 10171 10200 10210 10211 10367 11235 11492 11652 11709 20409 20413 
	}
	weather={
		period={
			between={ 0.0 30.11 }
			temperature={ -10.0 35.0 }
			temperature_day_night={ 2.0 -2.0 }
			no_phenomenon=1.500
			rain_light=0.250
			rain_heavy=0.100
			snow=0.000
			blizzard=0.000
			mud=0.000
			sandstorm=0.000
			min_snow_level=0.000
		}
	}
}
