
strategic_region={
	id=24
	name="STRATEGICREGION_24"
	provinces={
		8302 20617 20649 20664 20673 20680 20689 20690 20699 20702 20703 20706 20708 20709 20714 20715 20717 20720 20722 20723 20725 20728 20731 20733 20735 20736 20737 20742 20743 20744 20745 20748 20749 20750 20751 20752 20754 20755 20759 20760 20763 20766 20768 20769 20770 20772 20773 20774 20775 20776 20778 20780 20783 20785 20788 20789 20791 20792 20794 20795 20797 20798 20799 20805 20807 20810 20811 20813 20816 20817 20820 20821 20822 20823 20825 20831 20832 20836 20838 20839 20841 20842 20843 20845 20848 20851 20856 20863 20867 20868 20869 20877 20878 20884 20886 20893 20897 
	}
	weather={
		period={
			between={ 0.0 30.11 }
			temperature={ -10.0 35.0 }
			temperature_day_night={ 2.0 -2.0 }
			no_phenomenon=1.500
			rain_light=0.250
			rain_heavy=0.100
			snow=0.000
			blizzard=0.000
			mud=0.000
			sandstorm=0.000
			min_snow_level=0.000
		}
	}
}
