
strategic_region={
	id=25
	name="STRATEGICREGION_25"
	provinces={
		3416 3417 3419 3420 3421 4277 4304 4333 4347 4363 4385 4397 4434 4451 4457 4472 4473 4477 4489 4503 4508 4513 4514 4515 4516 4517 4522 4533 4540 4541 4548 4549 4557 4558 4564 4565 4566 4567 4578 4579 4580 4591 4596 4597 4598 4604 4605 4606 4609 4610 4619 4624 4630 4634 4635 4646 4647 4655 4656 4665 4671 4672 4680 4694 4695 4696 4703 4704 4707 4708 4715 4716 4717 4724 4725 4732 4739 4757 4758 4759 4767 4768 4773 4789 4790 4795 4811 4822 4823 4824 4833 4837 4838 4854 4873 4895 5772 
	}
	weather={
	}
}
