
strategic_region={
	id=26
	name="STRATEGICREGION_26"
	provinces={
		8303 10092 20849 20854 20859 20866 20872 20873 20875 20876 20878 20879 20881 20882 20883 20885 20890 20891 20892 20894 20896 20899 20902 20904 20905 20906 20907 20908 20909 20910 20911 20912 20913 20914 20915 20917 20918 20920 20921 20923 20924 20925 20928 20929 20930 20931 20932 20933 20934 20935 20936 20937 20939 20940 20941 20942 20943 20944 20946 20948 20949 20950 20951 20953 20955 20957 20958 20960 20961 20962 20965 20966 20967 20970 20971 20972 20976 20977 20978 20980 20981 20984 20985 20990 
	}
	weather={
		period={
			between={ 0.0 29.5 }
			temperature={ -10.0 35.0 }
			temperature_day_night={ 2.0 -2.0 }
			no_phenomenon=1.500
			rain_light=0.250
			rain_heavy=0.100
			snow=0.000
			blizzard=0.000
			mud=0.000
			sandstorm=0.000
			min_snow_level=0.000
		}
		period={
			between={ 0.6 30.11 }
			temperature={ -10.0 35.0 }
			temperature_day_night={ 2.0 -2.0 }
			no_phenomenon=1.500
			rain_light=0.250
			rain_heavy=0.100
			snow=0.000
			blizzard=0.000
			mud=0.000
			sandstorm=0.000
			min_snow_level=0.000
		}
	}
}
