
strategic_region={
	id=26
	name="STRATEGICREGION_26"
	provinces={
		827 832 834 4176 4180 4181 4183 4185 4188 4191 4192 4197 4199 4200 4201 4207 4208 4210 4214 4215 4216 4217 4218 4226 4228 4229 4238 4240 4241 4244 4245 4247 4248 4253 4258 4259 4270 4271 4274 4279 4280 4281 4282 4283 4285 4297 4298 4301 4302 4303 4308 4309 4310 4313 4314 4315 4320 4324 4325 4328 4329 4331 4337 4338 4339 4340 4344 4345 4346 4350 4351 4352 4353 4360 4367 4372 4373 4374 4380 4381 4382 4386 4387 4391 4392 4399 4400 4402 4403 4411 4413 4414 4428 4431 4437 4438 4450 4454 4455 4463 4464 4471 4494 4501 4520 4531 4532 4536 4555 4560 4576 5699 5707 5721 5722 5736 5885 5886 3418
	}
	weather={
	}
}
