
strategic_region={
	id=27
	name="STRATEGICREGION_27"
	provinces={
		132 133 330 331 332 333 334 432 600 601 602 604 605 1157 1158 1159 1160 1161 2314 2319 2320 2397 2484 2485 2991 2992 2993 3240 3936 3937 4006 4007 4008 4053 4054 4055 4056 4057 4058 4059 4061 4140 4141 4142 4327 4328 4329 4330 4608 4661 5144 5145 5146 5147 5199 5200 5312 5918 6261 6275 6276 6277 6409 6410 6861 7109 7210 7610 8929 9005 9133 9279 9390 9421 9444 9836 9855 9928 10001 10041 10380 10678 10684 10698 10814 10996 11066 11113 11340 11420 11479 11501 11666 11888 11902 11935 20429 20441 20451 20453 
	}
	weather={
		period={
			between={ 0.0 30.11 }
			temperature={ -10.0 35.0 }
			temperature_day_night={ 2.0 -2.0 }
			no_phenomenon=1.500
			rain_light=0.250
			rain_heavy=0.100
			snow=0.000
			blizzard=0.000
			mud=0.000
			sandstorm=0.000
			min_snow_level=0.000
		}
	}
}
