
strategic_region={
	id=28
	name="STRATEGICREGION_28"
	provinces={
		48 49 51 177 178 1488 1702 1703 2188 2189 2385 3158 3159 3160 3161 3571 3572 3573 3574 3575 4088 4089 4090 5104 5105 5439 5440 5477 6478 6479 6922 6923 7235 7236 8105 8468 8940 9049 9204 9316 9806 10338 10387 10872 11159 11195 11368 11475 11796 11934 19533 19571 19575 20398 20399 20408 20419 20421 20423 
	}
	weather={
		period={
			between={ 0.0 30.11 }
			temperature={ -10.0 35.0 }
			temperature_day_night={ 2.0 -2.0 }
			no_phenomenon=1.500
			rain_light=0.250
			rain_heavy=0.100
			snow=0.000
			blizzard=0.000
			mud=0.000
			sandstorm=0.000
			min_snow_level=0.000
		}
	}
}
