
strategic_region={
	id=29
	name="STRATEGICREGION_29"
	provinces={
		63 64 65 69 70 71 72 136 433 469 470 471 472 473 475 687 688 689 690 691 692 772 773 1119 1120 1121 1122 1304 1305 1778 1827 1910 1911 1912 2081 2082 2083 2402 2403 2404 2767 2768 2769 2971 3106 3107 3238 3239 3283 3514 3617 3618 3619 3981 4060 4062 4270 4271 5040 5271 5272 5396 5397 5398 5596 5663 5803 5804 5805 5808 6140 6259 6550 6551 6594 6596 6677 6819 6820 6821 7183 7205 8570 8571 8572 8573 9154 9155 9212 10281 10308 10593 10725 10860 10904 10905 10909 10910 10911 10912 10968 11253 11426 11451 11605 11607 11648 11739 11864 11867 11896 20373 20416 
	}
	weather={
		period={
			between={ 0.0 30.11 }
			temperature={ -10.0 35.0 }
			temperature_day_night={ 2.0 -2.0 }
			no_phenomenon=1.500
			rain_light=0.250
			rain_heavy=0.100
			snow=0.000
			blizzard=0.000
			mud=0.000
			sandstorm=0.000
			min_snow_level=0.000
		}
	}
}
