
strategic_region={
	id=3
	name="STRATEGICREGION_3"
	provinces={
		1338 1339 1339 1340 1340 1341 1342 1343 1344 1345 1524 1525 1526 2150 2150 2151 2151 2152 2152 2153 2153 3880 3880 3881 3881 3882 3882 3883 3883 4412 4614 4615 4616 4617 4618 4812 4813 4814 5107 5296 5323 5449 5449 5450 5451 5517 5518 5519 5754 5878 5878 5879 5879 5880 5880 5881 5944 5945 5946 5947 5948 5948 5949 5950 5950 5951 5952 6223 6433 6493 6494 6495 7034 7034 7035 7035 7036 7036 7037 7037 7373 7373 8082 8082 8504 8504 8597 8597 8598 8598 8649 8649 9225 9551 9805 9840 9907 9907 10300 10349 10349 10363 10501 10550 10550 10802 10847 10868 10869 10889 11139 11139 11305 11331 11331 11909 
	}
	weather={
	}
}
