
strategic_region={
	id=31
	name="STRATEGICREGION_31"
	provinces={
		772 773 1119 1120 1121 1122 1338 1339 1340 1341 1342 1343 1344 2150 2151 2152 2153 2154 2155 2156 2157 2158 2159 3108 3283 3730 3880 3881 3882 3883 3987 4614 4618 4812 4813 4814 5040 5323 5449 5450 5451 5517 5518 5519 5803 5804 5805 5806 5807 5808 5878 5879 5880 5881 5950 5951 5952 6223 6494 7034 7035 7036 7037 7373 7378 8082 8504 8597 8598 8649 9140 9212 9225 9551 9840 9907 10308 10349 10363 10501 10550 10860 11139 11331 11451 11867 19604 19605 19606 19607 20366 20369 
	}
	weather={
		period={
			between={ 0.0 30.11 }
			temperature={ -10.0 35.0 }
			temperature_day_night={ 2.0 -2.0 }
			no_phenomenon=1.500
			rain_light=0.250
			rain_heavy=0.100
			snow=0.000
			blizzard=0.000
			mud=0.000
			sandstorm=0.000
			min_snow_level=0.000
		}
	}
}
