
strategic_region={
	id=32
	name="STRATEGICREGION_32"
	provinces={
		691 701 702 703 704 2116 2117 2118 2119 2995 2996 2997 2998 3514 3515 3516 3517 3518 3519 3981 3982 5595 5596 5676 6190 6259 6260 6523 6524 6525 6526 6527 6528 6529 6530 6531 6619 6620 6654 6655 6656 6657 6658 6659 7412 7413 8351 8352 8573 8696 8975 8976 9604 10003 10024 10277 10328 10625 10782 10827 10828 10910 10911 11200 11201 11253 11261 11473 11497 11573 11591 11597 11723 11733 11791 
	}
	weather={
		period={
			between={ 0.0 30.11 }
			temperature={ -10.0 35.0 }
			temperature_day_night={ 2.0 -2.0 }
			no_phenomenon=1.500
			rain_light=0.250
			rain_heavy=0.100
			snow=0.000
			blizzard=0.000
			mud=0.000
			sandstorm=0.000
			min_snow_level=0.000
		}
	}
}
