
strategic_region={
	id=33
	name="STRATEGICREGION_33"
	provinces={
		177 178 687 688 689 690 692 693 694 773 1119 1120 1121 1122 1779 1780 2081 2082 2083 2084 2156 2157 3106 3107 3108 3109 3110 3111 3278 3279 3280 3281 3282 3283 3571 3572 3573 3574 3575 3616 3617 3618 3730 4088 4089 4090 4091 5040 5395 5396 5397 5398 5662 5663 5803 5804 5805 5806 5807 5808 6550 6551 6923 7205 7206 7465 7466 8105 8125 8307 8570 8571 8572 8705 8940 9049 9140 9153 9154 9155 9212 9631 9806 10039 10308 10315 10646 10860 10872 10909 10968 11451 11606 11648 11867 
	}
	weather={
		period={
			between={ 0.0 30.11 }
			temperature={ -10.0 35.0 }
			temperature_day_night={ 2.0 -2.0 }
			no_phenomenon=1.500
			rain_light=0.250
			rain_heavy=0.100
			snow=0.000
			blizzard=0.000
			mud=0.000
			sandstorm=0.000
			min_snow_level=0.000
		}
	}
}
