
strategic_region={
	id=35
	name="STRATEGICREGION_35"
	provinces={
		61 189 401 455 641 717 887 1100 1324 1454 1516 1517 1567 1588 1589 1590 1591 1592 1596 1597 1598 1599 1600 1636 1708 1926 1969 1999 2028 2134 2210 2212 2360 2395 2547 2755 2770 2775 2776 2777 2778 2779 2780 2809 2813 2842 2891 2907 2908 2982 2983 3016 3065 3315 3391 3432 3626 3698 3699 3731 3821 3822 3887 3912 3955 3975 4005 4045 4251 4378 4396 4418 4427 4440 4447 4468 4572 4595 4670 4671 4672 4679 4720 4750 4800 4829 4905 4935 4962 5009 5035 5120 5140 5279 5291 5496 5691 5692 5693 5694 5744 5789 5813 5816 5858 5904 5926 5937 5938 5988 6009 6024 6039 6227 6315 6359 6473 6485 6487 6488 6499 6561 6568 6624 6692 6712 6714 6733 6734 6735 6779 6823 6834 6883 6901 6941 6953 6954 6958 6978 7091 7092 7144 7190 7215 7228 7231 7273 7292 7380 7457 7475 7568 7579 7598 7607 7661 7671 7695 7718 7750 7758 7784 7797 7888 7945 7950 8025 8141 8145 8190 8223 8233 8240 8260 8415 8531 8551 8559 8603 8630 8676 8677 8689 8776 8893 8945 8946 8961 9016 9043 9052 9079 9121 9158 9213 9215 9283 9324 9330 9495 9497 9518 9520 9608 9669 9684 9745 9854 9889 9909 9916 9937 9972 9973 10078 10132 10155 10178 10245 10253 10306 10418 10488 10532 10565 10591 10620 10744 10751 10846 10848 10850 10870 10871 10906 10940 10978 11084 11123 11127 11208 11217 11357 11366 11377 11378 11425 11454 11457 11540 11553 11575 11581 11625 11762 11802 11821 11840 11940 
	}
	weather={
		period={
			between={ 0.0 30.11 }
			temperature={ -10.0 35.0 }
			temperature_day_night={ 2.0 -2.0 }
			no_phenomenon=1.500
			rain_light=0.250
			rain_heavy=0.100
			snow=0.000
			blizzard=0.000
			mud=0.000
			sandstorm=0.000
			min_snow_level=0.000
		}
	}
}
