
strategic_region={
	id=36
	name="STRATEGICREGION_36"
	provinces={
		62 179 713 714 715 716 820 944 1013 1014 1164 1212 1435 2003 2052 2053 2247 2248 2254 2255 2292 2293 2294 2295 2296 2297 2298 2687 2688 2689 2690 2691 2711 2712 2843 2844 2845 2846 3171 3413 3414 3415 3475 3837 3838 3954 4299 4300 4301 4302 4303 4384 4385 4386 4387 4388 4389 4390 4460 4461 4522 4523 4524 4525 4526 4527 4528 4529 4530 4531 4532 4599 4721 4722 4723 4724 4725 4830 4876 4993 4994 5019 5020 5021 5163 5174 5256 5681 5682 5834 5835 5836 6001 6002 6085 6132 6133 6134 6159 6169 6170 6214 6280 6281 6282 6331 6348 6521 6682 6772 6787 6788 6817 6886 7000 7366 7443 7495 7496 7533 7595 7596 7757 7895 7939 8027 8237 8250 8251 8268 8288 8300 8323 8366 8367 8368 8477 8534 8539 8601 8663 8896 8927 8928 9063 9149 9256 9287 9378 9392 9402 9431 9435 9436 9491 9543 9609 9744 9818 9980 10028 10030 10063 10131 10186 10263 10267 10432 10516 10556 10621 10658 10662 10772 10773 10800 10942 10962 11013 11149 11172 11271 11300 11396 11474 11494 11702 11722 11788 11826 11923 
	}
	weather={
		period={
			between={ 0.0 29.5 }
			temperature={ -10.0 35.0 }
			temperature_day_night={ 2.0 -2.0 }
			no_phenomenon=1.500
			rain_light=0.250
			rain_heavy=0.100
			snow=0.000
			blizzard=0.000
			mud=0.000
			sandstorm=0.000
			min_snow_level=0.000
		}
		period={
			between={ 0.6 30.11 }
			temperature={ -10.0 35.0 }
			temperature_day_night={ 2.0 -2.0 }
			no_phenomenon=1.500
			rain_light=0.250
			rain_heavy=0.100
			snow=0.000
			blizzard=0.000
			mud=0.000
			sandstorm=0.000
			min_snow_level=0.000
		}
	}
}
