
strategic_region={
	id=37
	name="STRATEGICREGION_37"
	provinces={
		190 255 278 303 354 477 902 991 1015 1101 1166 1189 1202 1236 1440 1441 1442 1443 1444 1718 1719 1873 2115 2266 2273 2312 2313 2361 2394 2556 2592 2692 2815 2926 3035 3097 3098 3132 3133 3200 3262 3438 3632 3665 3719 3833 3834 3835 3840 3888 3940 3953 4081 4272 4273 4274 4275 4292 4293 4294 4295 4339 4353 4359 4364 4417 4512 4513 4565 4589 4634 4859 4877 4963 4964 4965 4966 5031 5033 5037 5038 5039 5139 5223 5261 5278 5286 5376 5385 5386 5399 5402 5405 5495 5516 5607 5608 5683 5684 5685 5686 5687 5915 5935 5969 5981 6011 6184 6228 6229 6230 6254 6263 6291 6292 6293 6295 6296 6306 6344 6345 6408 6431 6432 6492 6512 6553 6557 6558 6566 6599 6645 6693 6815 6829 6831 6836 6871 6875 6910 6949 6957 7032 7045 7073 7079 7081 7175 7218 7307 7345 7396 7399 7454 7456 7470 7536 7554 7558 7591 7625 7626 7628 7678 7679 7680 7681 7749 7812 7847 7898 7900 7906 7916 7953 7964 8039 8040 8061 8176 8177 8195 8222 8266 8274 8289 8291 8315 8316 8317 8327 8331 8340 8348 8349 8353 8354 8427 8503 8528 8564 8594 8616 8617 8618 8621 8712 8751 8760 8780 8785 8795 8855 8856 8866 8876 8878 8910 8936 8962 9048 9078 9099 9103 9108 9114 9126 9163 9234 9241 9257 9292 9345 9349 9358 9372 9375 9397 9406 9452 9514 9563 9602 9606 9610 9634 9635 9639 9656 9692 9725 9751 9768 9777 9788 9843 9870 9887 9946 10004 10018 10044 10046 10052 10108 10117 10142 10143 10172 10174 10176 10183 10184 10189 10228 10262 10284 10293 10314 10339 10365 10400 10442 10465 10469 10507 10509 10548 10549 10576 10597 10600 10606 10623 10636 10663 10756 10762 10773 10783 10966 10967 11000 11033 11069 11144 11205 11272 11285 11290 11342 11460 11517 11569 11604 11635 11636 11668 11724 11745 11755 11766 11792 11811 11901 11922 19553 
	}
	weather={
	}
}
