
strategic_region={
	id=38
	name="STRATEGICREGION_38"
	provinces={
		120 121 122 123 124 125 126 127 128 320 321 322 323 324 325 346 347 348 768 769 770 771 904 918 925 926 933 934 935 936 937 938 939 940 941 943 1102 1103 1104 1105 1106 1107 1108 1109 1110 1111 1112 1363 1410 1411 1412 1434 1531 1536 1626 1627 1628 1629 1630 1631 1720 1721 1722 1723 1724 1725 1781 1782 1783 1784 1785 1786 1787 1788 1889 1890 2138 2139 2140 2141 2142 2143 2144 2145 2196 2197 2244 2245 2321 2473 2474 2475 2476 2477 2478 2479 2480 2481 2693 2694 2697 2698 2756 2757 2758 2916 2917 2918 2919 2920 2921 2922 2923 2924 2925 3010 3011 3012 3013 3036 3037 3038 3039 3040 3041 3042 3043 3044 3045 3046 3157 3233 3234 3235 3236 3237 3259 3307 3308 3309 3310 3311 3312 3486 3487 3488 3489 3490 3491 3492 3508 3586 3587 3588 3682 3683 3684 3747 3748 3774 3889 3890 4023 4024 4025 4026 4027 4028 4029 4030 4031 4032 4033 4042 4043 4075 4076 4087 4099 4113 4114 4115 4116 4117 4118 4119 4120 4121 4122 4129 4131 4132 4133 4134 4135 4136 4137 4138 4139 4254 4318 4331 4332 4333 4334 4360 4798 4878 4879 4890 4891 4892 4893 4894 4895 4896 4897 4898 4899 4936 5053 5073 5074 5331 5349 5353 5354 5431 5432 5452 5541 5542 5543 5572 5574 5728 5755 5771 5772 5790 5791 5797 5819 5820 5821 5822 5823 5831 5891 5968 5989 6000 6003 6080 6100 6101 6102 6103 6148 6241 6248 6330 6403 6532 6533 6537 6562 6578 6579 6580 6592 6602 6606 6637 6638 6742 6743 6758 6810 6811 6830 6835 6926 6927 6928 6956 6959 7014 7053 7054 7192 7193 7194 7213 7352 7353 7390 7391 7392 7393 7446 7447 7448 7487 7488 7543 7581 7582 7642 7677 7690 7706 7730 7734 7742 7841 7864 7887 7940 7967 7968 7969 8016 8017 8081 8099 8120 8130 8131 8184 8249 8259 8332 8333 8356 8357 8358 8364 8443 8476 8509 8514 8636 8637 8638 8655 8659 8697 8777 8778 8779 8811 8881 8892 8931 8982 9014 9124 9129 9145 9146 9164 9220 9288 9298 9299 9313 9374 9386 9459 9465 9479 9535 9580 9600 9615 9644 9646 9657 9663 9726 9731 9868 9893 9931 9947 9948 9953 10002 10029 10056 10087 10088 10111 10166 10169 10240 10261 10282 10325 10371 10407 10425 10472 10547 10582 10590 10697 10796 10825 10841 10865 10888 10914 10938 10957 10974 11006 11008 11058 11124 11160 11194 11248 11262 11270 11307 11321 11362 11429 11447 11456 11490 11509 11562 11589 11619 11667 11699 11763 11771 11793 11816 11865 19545 19546 19547 19548 19549 19550 19551 19552 
	}
	weather={
		period={
			between={ 0.0 29.5 }
			temperature={ -10.0 35.0 }
			temperature_day_night={ 2.0 -2.0 }
			no_phenomenon=1.500
			rain_light=0.250
			rain_heavy=0.100
			snow=0.000
			blizzard=0.000
			mud=0.000
			sandstorm=0.000
			min_snow_level=0.000
		}
		period={
			between={ 0.6 30.11 }
			temperature={ -10.0 35.0 }
			temperature_day_night={ 2.0 -2.0 }
			no_phenomenon=1.500
			rain_light=0.250
			rain_heavy=0.100
			snow=0.000
			blizzard=0.000
			mud=0.000
			sandstorm=0.000
			min_snow_level=0.000
		}
		period={
			between={ 0.0 30.11 }
			temperature={ -10.0 35.0 }
			temperature_day_night={ 2.0 -2.0 }
			no_phenomenon=1.500
			rain_light=0.250
			rain_heavy=0.100
			snow=0.000
			blizzard=0.000
			mud=0.000
			sandstorm=0.000
			min_snow_level=0.000
		}
	}
}
