
strategic_region={
	id=38
	name="STRATEGICREGION_38"
	provinces={
		2 9 21 31 42 85 105 111 154 322 329 359 426 427 431 542 617 690 701 703 705 3415 4417 4765 4766 4770 4771 4772 4788 4803 4804 4810 4821 4843 4844 4849 4858 4859 4878 4885 4886 4891 4892 4893 4894 4907 4908 4909 4912 4913 4918 4919 4932 4937 4938 4939 4944 4946 4947 4951 4952 4963 4968 4970 4975 4976 4980 4985 4986 4987 4988 4993 5002 5007 5012 5013 5021 5022 5027 5034 5035 5049 5053 5054 5059 5071 5076 5077 5084 5087 5088 5094 5100 5108 5116 5123 5136 5784 5873 5874 5875 
	}
	weather={
	}
}
