
strategic_region={
	id=39
	name="STRATEGICREGION_39"
	provinces={
		162 1510 1709 1909 2037 2111 2123 2389 2472 2482 2785 2967 3089 3260 3261 3857 3980 4040 4128 4223 4326 4358 4600 4623 4803 4880 4889 4928 4929 4989 4996 5026 5400 5575 5606 5928 6139 6257 6390 6480 6520 6565 6577 6587 6696 6713 6920 7046 7104 7242 7669 7740 7781 7905 7927 7970 8207 8272 8301 8325 8390 8416 8418 8432 8492 8507 8520 8522 8529 8530 8540 8806 8843 8877 8964 8989 9015 9100 9130 9235 9310 9327 9344 9360 9470 9565 9699 9730 9801 9811 9829 10119 10187 10383 10458 10486 10728 11145 11186 11199 11365 11503 11506 11523 11529 11711 11730 11927 
	}
	weather={
		period={
			between={ 0.0 30.11 }
			temperature={ -10.0 35.0 }
			temperature_day_night={ 2.0 -2.0 }
			no_phenomenon=1.500
			rain_light=0.250
			rain_heavy=0.100
			snow=0.000
			blizzard=0.000
			mud=0.000
			sandstorm=0.000
			min_snow_level=0.000
		}
	}
}
