
strategic_region={
	id=40
	name="STRATEGICREGION_40"
	provinces={
		37 77 108 237 297 327 330 338 342 344 375 399 444 565 578 658 734 830 845 846 848 851 863 5492 5493 5494 5495 5496 5497 5498 5501 5502 5504 5505 5506 5507 5509 5510 5511 5513 5514 5516 5519 5521 5522 5523 5524 5527 5528 5530 5532 5533 5534 5536 5538 5539 5540 5545 5548 5549 5550 5551 5554 5557 5558 5559 5561 5565 5566 5567 5568 5569 5570 5572 5573 5574 5577 5578 5579 5580 5584 5588 5589 5591 5592 5593 5595 5598 5599 5600 5604 5605 5606 5609 5610 5612 5616 5619 5621 5624 5625 5629 5630 5631 5634 5637 5642 5643 5644 5646 5648 5649 5654 5656 5657 5658 5659 5663 5664 5665 5667 5668 5669 5670 5671 5673 5674 5676 5677 5678 5680 5681 5682 5683 5684 5685 5686 5688 5689 5693 5698 5704 5705 5706 5710 5714 5717 5727 5843 5844 5845 5846 
	}
	weather={
	}
}
