
strategic_region={
	id=40
	name="STRATEGICREGION_40"
	provinces={
		171 326 339 456 903 928 1325 1374 1532 1754 1899 2080 2211 2267 2339 2374 2555 2586 2598 2650 2817 2884 2911 3230 3324 3325 3431 3446 3476 3673 3808 4044 4130 4421 4601 4759 4995 4999 5034 5193 5269 5710 5745 5784 5818 5848 5889 5924 6084 6124 6440 6476 6504 6516 6552 6700 6800 6801 6976 7013 7085 7102 7114 7125 7219 7450 7464 7485 7535 7557 7589 7600 7609 7614 7618 7653 7667 7696 7704 7708 7710 8004 8038 8064 8171 8238 8304 8370 8426 8435 8445 8458 8535 8609 8664 8707 8723 8757 8833 8911 8994 9011 9047 9072 9077 9184 9262 9293 9364 9458 9553 9616 9619 9765 9771 9976 9978 10036 10053 10089 10138 10165 10197 10296 10413 10429 10475 10511 10535 10726 10809 10874 10991 11005 11133 11193 11196 11210 11225 11255 11257 11335 11344 11371 11434 11554 11580 11624 11640 11691 11825 11894 11925 
	}
	weather={
		period={
			between={ 0.0 29.5 }
			temperature={ -10.0 35.0 }
			temperature_day_night={ 2.0 -2.0 }
			no_phenomenon=1.500
			rain_light=0.250
			rain_heavy=0.100
			snow=0.000
			blizzard=0.000
			mud=0.000
			sandstorm=0.000
			min_snow_level=0.000
		}
		period={
			between={ 0.6 30.11 }
			temperature={ -10.0 35.0 }
			temperature_day_night={ 2.0 -2.0 }
			no_phenomenon=1.500
			rain_light=0.250
			rain_heavy=0.100
			snow=0.000
			blizzard=0.000
			mud=0.000
			sandstorm=0.000
			min_snow_level=0.000
		}
	}
}
