
strategic_region={
	id=41
	name="STRATEGICREGION_41"
	provinces={
		219 265 312 749 779 1476 1477 1498 1644 1645 1646 1647 1648 1649 1716 1749 1836 1837 1838 1839 1840 1841 1842 1843 1844 1906 2110 2112 2246 2322 2564 2636 2637 2638 2639 2640 2715 2716 2717 2718 2847 2912 2927 2934 2935 2936 2968 3033 3267 3268 3269 3472 3507 3643 3659 3809 3810 3811 3885 3913 3914 3915 3932 3933 3978 3979 4039 4041 4108 4269 4344 4345 4346 4413 4555 4556 4557 4573 4652 4653 4760 4815 4816 4817 4818 4828 4875 5004 5157 5313 5314 5453 5454 5455 5564 5621 5698 5711 5729 5734 5735 5736 5737 5742 5812 5859 5929 6018 6019 6066 6121 6141 6142 6181 6188 6194 6224 6225 6262 6324 6325 6358 6443 6522 6591 6597 6676 7017 7068 7103 7332 7477 7489 7534 7569 7637 7641 7648 7658 7744 7813 7823 7928 7987 8026 8072 8128 8140 8203 8226 8227 8228 8263 8264 8407 8455 8515 8595 8610 8623 8646 8782 8841 8842 8844 8988 9024 9039 9245 9314 9377 9380 9405 9442 9482 9483 9503 9526 9575 9576 9603 9643 9729 9775 9789 9815 9841 9872 9951 9952 9965 10012 10031 10067 10198 10249 10257 10313 10324 10330 10395 10463 10522 10525 10656 10660 10717 10718 10741 10941 11017 11037 11207 11376 11450 11524 11586 11601 11783 11917 
	}
	weather={
	}
}
