
strategic_region={
	id=44
	name="STRATEGICREGION_44"
	provinces={
		699 700 929 930 931 932 1462 1463 1464 1465 1466 1467 1468 1469 1470 1471 1472 1473 1476 1477 1904 2000 2001 2002 2110 2168 2169 2170 2171 2617 2618 2619 2620 2621 2714 2932 2933 2934 2935 2936 2937 2938 3005 3006 3007 3008 3009 3062 3063 3064 3941 3942 3988 3989 3990 4253 4557 5281 5282 5283 5284 5285 5734 5735 5736 5737 5798 5799 5800 5801 5802 5842 5843 5995 5996 6203 6204 6205 6206 6207 6252 6253 6716 6717 6754 6755 6868 6869 6870 7332 8035 8157 8375 8376 8439 8440 8478 8479 8480 8493 8494 8525 8550 8647 8648 8774 8841 8842 8943 8984 8985 9512 9757 9758 9850 10206 10214 10614 10715 11018 11019 11098 11220 11231 11374 11395 11495 11538 11884 
	}
	weather={
		period={
			between={ 0.0 29.5 }
			temperature={ -10.0 35.0 }
			temperature_day_night={ 2.0 -2.0 }
			no_phenomenon=1.500
			rain_light=0.250
			rain_heavy=0.100
			snow=0.000
			blizzard=0.000
			mud=0.000
			sandstorm=0.000
			min_snow_level=0.000
		}
		period={
			between={ 0.6 30.11 }
			temperature={ -10.0 35.0 }
			temperature_day_night={ 2.0 -2.0 }
			no_phenomenon=1.500
			rain_light=0.250
			rain_heavy=0.100
			snow=0.000
			blizzard=0.000
			mud=0.000
			sandstorm=0.000
			min_snow_level=0.000
		}
	}
}
