
strategic_region={
	id=47
	name="STRATEGICREGION_47"
	provinces={
		141 142 143 144 145 146 147 148 149 150 151 152 1113 1114 1115 1116 1117 2089 2090 2091 2092 2146 2147 2148 2149 2217 2218 2219 2220 2221 2222 2223 2224 2251 2252 2253 2699 2700 2701 2702 2703 2704 2705 2706 2707 2726 2727 2728 3014 3015 3121 3122 3123 3124 3125 3126 3127 3128 3566 3567 3568 3569 3570 3599 3600 3601 3775 3776 3777 3799 3800 3801 4574 4575 4576 4577 4578 4758 4930 5749 5762 5763 5764 5765 6304 6305 6326 6327 6715 6994 6995 7050 7143 7266 7267 7268 7377 7852 8090 8091 8097 8283 8284 8285 8286 8361 8362 8363 8560 8585 8749 8750 8968 9042 9141 9231 9266 9267 9268 9352 9353 9354 9362 9399 9400 9401 9403 9454 9455 9456 9956 9999 10006 10020 10021 10098 10099 10105 10106 10151 10180 10474 10711 10771 10831 10832 10879 10887 10952 10984 10985 10986 11039 11047 11117 11130 11134 11152 11216 11227 11313 11333 11423 11443 11548 11615 11685 11836 11849 11855 11891 11895 11964 
	}
	weather={
		period={
			between={ 0.0 29.5 }
			temperature={ -10.0 35.0 }
			temperature_day_night={ 2.0 -2.0 }
			no_phenomenon=1.500
			rain_light=0.250
			rain_heavy=0.100
			snow=0.000
			blizzard=0.000
			mud=0.000
			sandstorm=0.000
			min_snow_level=0.000
		}
		period={
			between={ 0.6 30.11 }
			temperature={ -10.0 35.0 }
			temperature_day_night={ 2.0 -2.0 }
			no_phenomenon=1.500
			rain_light=0.250
			rain_heavy=0.100
			snow=0.000
			blizzard=0.000
			mud=0.000
			sandstorm=0.000
			min_snow_level=0.000
		}
		period={
			between={ 0.0 30.11 }
			temperature={ -10.0 35.0 }
			temperature_day_night={ 2.0 -2.0 }
			no_phenomenon=1.500
			rain_light=0.250
			rain_heavy=0.100
			snow=0.000
			blizzard=0.000
			mud=0.000
			sandstorm=0.000
			min_snow_level=0.000
		}
	}
}
