
strategic_region={
	id=49
	name="STRATEGICREGION_49"
	provinces={
		157 158 159 160 161 266 359 360 404 405 461 462 463 963 964 965 966 967 968 969 1234 1235 1455 1456 1457 1458 1459 1460 1461 1762 1763 1764 1765 1766 1767 1768 2056 2093 2094 2095 2096 2097 2098 2099 2114 2269 2323 2324 2325 2326 2327 2328 2329 2330 2440 2709 2710 2729 2730 2731 2732 2733 2734 2868 2869 2870 2871 2959 2960 2961 2962 2963 2964 3026 3027 3028 3029 3030 3031 3173 3174 3467 3468 3469 3470 3745 3746 4046 4047 4064 4065 4066 4067 4068 4069 4070 4071 4620 4621 4622 4931 4932 4933 4934 5022 5023 5024 5027 5028 5443 5444 5445 5469 5494 5520 5521 5576 5597 5598 5599 5600 5601 5602 5603 5604 5854 5855 5856 5857 5932 5933 5934 5942 5943 6081 6082 6083 6163 6164 6519 6697 6722 6862 6899 6900 7015 7016 7033 7071 7072 7126 7131 7246 7247 7421 7422 7423 7424 7432 7433 7482 7486 7490 7670 7707 7829 7922 7923 7956 8007 8008 8014 8015 8055 8132 8371 8384 8385 8419 8424 8441 8463 8464 8465 8466 8580 8608 8684 8796 8797 8838 8869 8870 8956 8963 8969 9023 9125 9178 9205 9206 9272 9273 9295 9319 9471 9472 9473 9522 9523 9528 9533 9534 9560 9625 9626 9627 9735 9879 9880 9960 9966 10097 10154 10159 10160 10226 10283 10477 10517 10518 10631 10761 11015 11048 11057 11103 11114 11132 11158 11223 11224 11273 11325 11345 11361 11389 11390 11404 11458 11484 11525 11599 11616 11647 11698 11765 11767 11856 11945 
	}
	weather={
		period={
			between={ 0.0 29.5 }
			temperature={ -10.0 35.0 }
			temperature_day_night={ 2.0 -2.0 }
			no_phenomenon=1.500
			rain_light=0.250
			rain_heavy=0.100
			snow=0.000
			blizzard=0.000
			mud=0.000
			sandstorm=0.000
			min_snow_level=0.000
		}
		period={
			between={ 0.6 30.11 }
			temperature={ -10.0 35.0 }
			temperature_day_night={ 2.0 -2.0 }
			no_phenomenon=1.500
			rain_light=0.250
			rain_heavy=0.100
			snow=0.000
			blizzard=0.000
			mud=0.000
			sandstorm=0.000
			min_snow_level=0.000
		}
	}
}
