
strategic_region={
	id=50
	name="STRATEGICREGION_50"
	provinces={
		1149 1150 1151 1885 1886 1887 2020 2021 2022 2023 2024 2025 2071 2072 2073 2074 2075 2076 2077 2078 2079 4126 4127 4170 4171 4172 4173 4174 4175 4176 4177 4178 4179 4635 4636 5814 5815 6182 6414 6564 6567 6890 6891 6892 6893 6985 6986 6987 7110 7337 7338 7339 7394 7395 7682 7683 7684 7685 7997 8326 8388 8389 8446 8775 9004 9289 9434 9524 9716 9814 10068 10181 10207 10208 10230 10231 10232 10266 10393 10732 10799 10945 11090 11505 11545 11714 11806 
	}
	weather={
		period={
			between={ 0.0 30.11 }
			temperature={ -10.0 35.0 }
			temperature_day_night={ 2.0 -2.0 }
			no_phenomenon=1.500
			rain_light=0.250
			rain_heavy=0.100
			snow=0.000
			blizzard=0.000
			mud=0.000
			sandstorm=0.000
			min_snow_level=0.000
		}
	}
}
