
strategic_region={
	id=51
	name="STRATEGICREGION_51"
	provinces={
		537 538 539 540 541 542 821 822 823 824 1054 1055 1056 1057 1058 1059 1060 1061 1062 1063 1064 1065 2593 2594 2909 2910 3436 3437 3633 3634 3803 4918 4919 5207 5208 5209 5210 5211 5212 5213 5615 5616 5768 5769 6191 6192 6193 6222 6349 6367 6368 6474 6729 7381 7383 7518 7552 7553 7559 7560 7561 7562 7563 7564 8287 8537 8538 8713 8714 8715 8868 9187 9218 9239 9338 9446 9718 10022 10023 10219 10260 10797 10798 10877 11116 11119 11120 11121 11504 11617 11654 11851 11892 
	}
	weather={
		period={
			between={ 0.0 30.11 }
			temperature={ -10.0 35.0 }
			temperature_day_night={ 2.0 -2.0 }
			no_phenomenon=1.500
			rain_light=0.250
			rain_heavy=0.100
			snow=0.000
			blizzard=0.000
			mud=0.000
			sandstorm=0.000
			min_snow_level=0.000
		}
	}
}
