
strategic_region={
	id=55
	name="STRATEGICREGION_55"
	provinces={
		596 597 598 599 2488 2489 2490 2491 2878 2879 2880 2881 2882 2883 3458 3459 3460 3461 3462 3463 3687 3688 4077 4078 4079 4080 4201 4202 4203 4204 4205 4305 4336 4515 4516 4517 4518 4519 4856 4857 4858 5756 5757 5770 6226 6356 6357 6382 6383 6395 6968 7306 8454 8860 8861 8862 9686 9825 9858 9862 9904 10025 10318 10515 10595 10758 11011 11372 11626 11627 11898 
	}
	weather={
		period={
			between={ 0.0 30.11 }
			temperature={ -10.0 35.0 }
			temperature_day_night={ 2.0 -2.0 }
			no_phenomenon=1.500
			rain_light=0.250
			rain_heavy=0.100
			snow=0.000
			blizzard=0.000
			mud=0.000
			sandstorm=0.000
			min_snow_level=0.000
		}
	}
}
