
strategic_region={
	id=59
	name="STRATEGICREGION_59"
	provinces={
		1 2 3 4 5 6 73 74 75 76 77 78 130 131 191 192 233 234 235 236 237 238 239 240 241 242 243 267 268 327 328 329 340 341 342 343 344 345 372 373 374 375 376 377 378 379 380 406 500 501 885 886 958 959 960 1165 1190 1191 1192 1193 1194 1195 1196 1197 1198 1326 1327 1328 1329 1330 1331 1413 1414 1415 1416 1417 1418 1419 1420 1421 1422 1423 1424 1425 1426 1427 1601 1602 1603 1604 1605 1728 1729 1730 1731 1732 1733 1734 1735 1736 1737 1738 1745 1884 1927 1928 1929 1930 1931 1932 1933 1934 1935 1936 1937 1938 1939 1940 1941 2031 2032 2033 2034 2356 2357 2719 2720 2721 2722 2723 2724 2725 2759 2760 2761 2762 2781 2782 2783 2784 2913 2914 2915 2930 3034 3092 3093 3094 3095 3096 3129 3554 3555 3556 3557 3558 3559 3560 3561 3562 3674 3675 3676 3725 3726 3727 3728 3729 3732 3733 3734 3782 3783 3784 3891 4196 4197 4198 4247 4248 4249 4250 4362 4363 4381 4382 4383 4409 4410 4411 4590 4591 4592 4593 4594 4612 4613 4647 4648 4673 4674 4675 4676 4677 4678 4704 4717 4718 4719 4821 4822 4868 4869 4870 4885 4886 4943 4944 4945 4946 4947 4948 4960 4981 4982 5010 5011 5012 5029 5030 5086 5087 5224 5225 5226 5227 5228 5333 5335 5372 5373 5387 5419 5420 5421 5422 5423 5424 5425 5426 5427 5428 5429 5430 5433 5434 5435 5436 5437 5577 5578 5579 5580 5581 5582 5668 5669 5738 5739 5740 5741 5774 5775 5776 5777 5778 5792 5793 5794 5916 6020 6099 6161 6162 6285 6286 6299 6300 6301 6302 6303 6623 6641 6642 6643 6664 6673 6674 6721 6736 6737 6738 6739 6740 6741 6762 6763 6848 6930 6931 6932 6973 7101 7130 7310 7311 7320 7321 7322 7323 7334 7335 7336 7405 7406 7407 7408 7452 7453 7608 7723 7724 7725 7726 7745 7746 7747 7748 7771 7772 7773 7774 7775 7776 7786 7787 7788 7789 7790 7791 7792 7850 7851 7918 7919 7920 7921 7924 7941 7966 7988 7989 7998 7999 8000 8087 8093 8094 8095 8124 8133 8134 8192 8205 8206 8212 8213 8214 8215 8265 8341 8360 8402 8403 8404 8421 8422 8523 8568 8590 8624 8625 8626 8627 8628 8629 8641 8642 8643 8688 8717 8718 8764 8765 8789 8832 8952 8954 8955 8957 8986 8987 9092 9093 9127 9128 9137 9138 9157 9172 9173 9185 9186 9209 9221 9331 9336 9343 9357 9368 9416 9423 9450 9451 9468 9480 9504 9516 9545 9559 9593 9623 9624 9649 9655 9666 9687 9697 9708 9709 9774 9803 9808 9809 9816 9817 9837 9871 9992 10045 10076 10082 10083 10157 10164 10205 10256 10258 10259 10297 10362 10382 10389 10390 10406 10424 10433 10461 10480 10481 10495 10496 10524 10528 10529 10545 10560 10561 10566 10604 10605 10630 10652 10654 10680 10681 10689 10696 10716 10722 10735 10736 10817 10818 10829 10830 10857 10886 10913 10977 10987 10989 11001 11003 11004 11055 11060 11112 11131 11211 11233 11234 11259 11297 11298 11301 11355 11369 11375 11387 11436 11438 11440 11442 11444 11445 11489 11493 11510 11536 11552 11669 11682 11740 11746 11787 11794 11813 11831 11838 11879 11910 11911 11972 11973 11974 
	}
	weather={
	}
}
