
strategic_region={
	id=60
	name="STRATEGICREGION_60"
	provinces={
		137 138 139 140 1739 1740 1741 2857 2858 2859 2860 2861 2972 2973 2979 2980 2981 4430 4431 4432 4433 4434 4435 4436 4437 4438 4439 6269 6270 6271 6272 6786 7217 7691 7692 7693 7824 7825 7936 7937 8172 8569 8991 8998 9002 9050 9222 9420 9830 10589 10748 10885 11282 11388 11808 11809 11842 19625 19631 19634 19636 19693 
	}
	weather={
		period={
			between={ 0.0 30.11 }
			temperature={ -10.0 35.0 }
			temperature_day_night={ 2.0 -2.0 }
			no_phenomenon=1.500
			rain_light=0.250
			rain_heavy=0.100
			snow=0.000
			blizzard=0.000
			mud=0.000
			sandstorm=0.000
			min_snow_level=0.000
		}
	}
}
