
strategic_region={
	id=61
	name="STRATEGICREGION_61"
	provinces={
		215 216 502 503 504 505 506 507 508 1287 1288 1289 1290 1512 1513 1514 1515 1875 1876 1877 1878 2362 2363 2411 2412 2413 2414 2415 2416 2417 2418 2419 2420 2442 2443 2444 2445 2446 2447 2448 2449 2450 2538 2539 2540 2541 3670 3738 3755 3756 3757 3758 3759 3760 3761 4446 4855 4884 5121 5122 5410 5411 5412 5413 5824 5874 5875 5876 5919 5920 5921 5922 5923 6051 6052 6053 6054 6055 6332 6333 6334 6361 6918 6919 7362 7808 7809 7848 7865 7866 7867 8142 8292 8619 8716 8820 9116 9117 9118 9119 9156 9307 9308 9309 9318 9583 9584 9585 9590 9591 9592 9617 9710 9861 9886 9910 9911 9912 9913 9914 9955 9971 9977 10110 10141 10192 10286 10287 10352 10468 10484 10564 10613 10760 10820 10821 10838 10882 10929 11093 11286 11302 11327 11439 11689 11694 11704 11729 11833 11937 
	}
	weather={
	}
}
