
strategic_region={
	id=63
	name="STRATEGICREGION_63"
	provinces={
		518 519 520 521 522 523 524 565 566 567 569 570 571 572 573 1184 1185 1186 1187 1370 1371 1372 1373 1493 1494 3148 3149 3150 3151 3152 3153 3154 3155 3156 4405 5465 5466 5467 5468 5930 5931 6185 6186 6187 6231 6232 6944 6945 6946 7145 7146 7917 8578 8953 9161 9162 9263 9432 9511 9969 10092 10201 10246 10269 10514 10581 10615 10881 10897 10951 11040 11625 11630 11641 11757 11907 11919 19640 19641 19649 
	}
	weather={
		period={
			between={ 0.0 30.11 }
			temperature={ -10.0 35.0 }
			temperature_day_night={ 2.0 -2.0 }
			no_phenomenon=1.500
			rain_light=0.250
			rain_heavy=0.100
			snow=0.000
			blizzard=0.000
			mud=0.000
			sandstorm=0.000
			min_snow_level=0.000
		}
	}
}
