
strategic_region={
	id=64
	name="STRATEGICREGION_64"
	provinces={
		250 780 781 782 783 784 785 786 888 889 890 897 898 899 900 901 905 906 907 908 909 910 911 912 913 914 915 916 917 970 971 972 973 974 975 976 977 978 979 980 981 982 983 984 985 986 987 988 989 1094 1095 1099 1246 1247 1248 1249 1250 1251 1252 1253 1254 1255 1256 1257 1258 1259 1260 1261 1262 1263 1264 1265 1266 1267 1268 1269 1270 1271 1272 1880 2100 2101 2102 2103 2104 2105 2106 2107 2108 2109 2199 2200 2201 2202 2214 2215 2216 2285 2287 2288 2289 2290 2451 2452 2453 2454 2455 2460 2461 2565 2566 2567 2568 2569 2570 2603 2604 2605 2606 2607 2608 2609 2610 2611 2612 2613 2614 2615 2616 2821 2822 2823 3047 3048 3049 3057 3134 3135 3141 3142 3143 3144 3145 3146 3147 3277 3289 3700 3701 3702 3703 3704 3705 3829 4110 4213 4214 4215 4216 4217 4218 4219 4220 4221 4229 4230 4231 4232 4233 4234 4235 4236 4237 4238 4239 4347 4486 4487 4488 4489 4490 4491 4492 4493 4494 4495 4496 4497 4498 4499 4500 4501 4533 4534 4535 4536 4537 4538 4539 4540 4541 4542 4553 4554 4588 4685 4686 4687 4688 4689 4690 4691 4755 4756 4757 4810 4811 5080 5081 5082 5083 5084 5085 5090 5091 5092 5093 5094 5095 5194 5195 5196 5197 5214 5222 5230 5309 5310 5336 5337 5338 5339 5341 5388 5389 5460 5785 5845 5884 5885 5886 5887 5888 5890 5899 6023 6116 6117 6118 6143 6249 6250 6273 6274 6313 6314 6351 6352 6353 6354 6355 6660 6663 6678 6679 6695 6776 6937 6938 7008 7009 7042 7043 7044 7048 7049 7056 7105 7106 7107 7108 7151 7152 7153 7154 7155 7156 7191 7254 7263 7278 7279 7280 7281 7282 7420 7468 7469 7620 7621 7743 7908 7909 7910 8036 8047 8048 8063 8076 8077 8078 8079 8135 8136 8137 8151 8170 8175 8269 8273 8318 8319 8320 8321 8322 8359 8414 8481 8482 8496 8497 8498 8499 8500 8501 8502 8586 8660 8670 8792 8793 8850 8851 8863 8904 8917 8918 8919 8935 8990 8992 9038 9070 9101 9109 9168 9169 9174 9191 9255 9340 9341 9373 9407 9429 9440 9447 9461 9462 9476 9485 9486 9510 9558 9650 9704 9705 9753 9762 9783 9784 9821 9834 9835 9925 9926 9927 9990 9997 10008 10015 10035 10084 10085 10113 10126 10150 10215 10216 10217 10298 10299 10323 10346 10394 10401 10408 10455 10567 10568 10596 10634 10677 10738 10739 10740 10794 10836 10891 10982 10995 11016 11025 11054 11063 11064 11079 11157 11162 11163 11166 11183 11184 11228 11280 11314 11359 11465 11502 11520 11530 11564 11585 11634 11638 11683 11693 11708 11721 11753 11832 11834 11869 11878 11903 11931 11979 19514 
	}
	weather={
	}
}
