
strategic_region={
	id=65
	name="STRATEGICREGION_65"
	provinces={
		443 444 445 446 447 448 449 451 453 454 1860 1861 1862 1863 1864 1867 1868 1869 2125 2126 2127 2128 2129 2132 2137 2771 2772 2773 2774 2775 2776 3113 3114 3115 3116 3117 3805 3806 3807 5565 5566 5567 5568 5569 5677 5678 5679 5680 5691 5693 5694 6389 6490 6491 6507 6508 6509 6556 6993 6999 7580 7860 7861 7862 7863 8261 8702 8786 8787 8961 9213 9300 9301 9325 9529 9669 9883 10241 10649 10650 10774 10775 10801 11043 11097 11123 11425 11454 11575 11764 11789 11929 19653 
	}
	weather={
		period={
			between={ 0.0 30.11 }
			temperature={ -10.0 35.0 }
			temperature_day_night={ 2.0 -2.0 }
			no_phenomenon=1.500
			rain_light=0.250
			rain_heavy=0.100
			snow=0.000
			blizzard=0.000
			mud=0.000
			sandstorm=0.000
			min_snow_level=0.000
		}
	}
}
