
strategic_region={
	id=66
	name="STRATEGICREGION_66"
	provinces={
		94 95 96 97 98 99 100 101 102 103 635 636 637 638 639 640 1016 2818 2819 2820 2931 2944 2945 3066 3067 3068 3069 3070 3071 3241 3242 3243 3244 3245 3246 3773 3992 4709 4710 4711 5315 5461 5462 5463 5485 5485 5486 5795 6198 6199 6200 6201 6202 6258 6378 6379 6380 6896 6897 7006 7007 7080 7169 7195 7577 7578 7722 7874 7875 7931 7932 7938 8073 8074 8886 9061 9094 10005 10017 10206 10322 10397 10420 10421 11059 11107 11189 11222 11236 11241 11411 11416 11576 11612 11663 11846 11975 
	}
	weather={
	}
}
