
strategic_region={
	id=67
	name="STRATEGICREGION_67"
	provinces={
		79 135 187 188 338 827 828 829 945 946 947 948 949 950 951 952 953 954 955 956 957 962 1072 1073 1074 1075 1076 1077 1078 1079 1080 1081 1082 1083 1211 1273 1274 1275 1276 1755 1756 1757 1895 1896 1897 1898 1905 1942 1943 1944 2026 2027 2029 2030 2173 2174 2175 2176 2177 2178 2529 2530 2531 2532 2533 2534 2535 2536 2537 2742 2814 2816 2872 2873 3068 3071 3072 3348 3349 3350 3351 3352 3524 3525 3538 3539 3540 3541 3542 3543 3544 3545 3546 3547 3548 3549 3550 3551 3620 3656 3657 3658 3708 3709 3710 3711 3712 3713 3714 3715 3716 3718 3928 3929 3930 3931 4048 4416 4667 4668 4771 4772 4773 4774 4887 5108 5109 5235 5236 5237 5238 5239 5240 5348 5497 5498 5584 5585 5586 5622 6078 6079 6173 6174 6287 6309 6337 6338 6381 6583 6887 6907 6908 6909 7074 7075 7078 7172 7173 7178 7179 7180 7181 7195 7250 7274 7275 7276 7510 7846 7985 8139 8174 8220 8246 8256 8257 8271 8382 8587 8600 8615 8622 8808 8884 8885 8891 8906 8907 8912 8913 8914 8920 8926 9006 9106 9134 9135 9136 9195 9199 9232 9271 9328 9477 9478 9531 9567 9596 9630 9689 9719 9749 9750 9752 9877 9878 9938 9989 10114 10270 10404 10405 10450 10490 10592 10661 10720 10733 10734 10787 10859 11042 11215 11349 11516 11519 11521 11522 11594 11644 11681 11692 11798 11824 11863 11914 
	}
	weather={
	}
}
