
strategic_region={
	id=68
	name="STRATEGICREGION_68"
	provinces={
		115 116 117 118 119 262 263 264 525 526 527 528 529 530 531 532 533 534 535 536 705 706 707 708 878 879 880 881 882 883 884 1213 1214 1215 1216 1217 1218 1219 1221 1518 1519 1520 1521 1522 1609 1610 1611 1612 1613 1769 1770 1771 1772 1773 1774 1775 1776 1789 1790 1791 1881 1882 1883 1914 2035 2036 2124 2486 2487 2497 2498 2499 2500 2501 2502 2503 2504 2557 2558 2559 2560 2561 2562 2563 3078 3079 3080 3081 3082 3083 3347 3420 3421 3422 3423 3424 3425 3426 3427 3428 3429 3522 3535 3536 3537 3563 3564 3565 3612 3666 3667 3668 3669 3769 3977 3996 3997 3998 3999 4000 4001 4002 4100 4191 4192 4193 4194 4448 4449 4450 4452 4650 4651 4775 4776 4835 4836 4837 4990 4991 4992 5036 5075 5076 5242 5243 5244 5245 5246 5290 5316 5317 5318 5319 5320 5351 5499 5515 5532 5573 5696 5697 5701 5702 5722 6171 6362 6455 6687 6688 6689 6690 6691 6703 6704 6705 6768 6769 6770 6771 6780 6781 6812 6813 6814 6866 6867 6872 6955 6997 6998 7027 7028 7029 7030 7127 7128 7188 7189 7229 7230 7644 7645 7689 7741 7780 7819 7881 7886 7890 7891 7973 7993 7994 7996 8071 8178 8179 8191 8242 8295 8296 8297 8302 8303 8380 8423 8459 8460 8536 8565 8566 8605 8606 8611 8633 8634 8652 8653 8740 8741 8742 8743 8859 8890 8980 8981 9025 9095 9096 9151 9167 9192 9193 9194 9291 9326 9393 9394 9395 9398 9404 9469 9474 9494 9620 9675 9681 9728 9772 9820 9915 9939 9940 10007 10014 10051 10112 10133 10134 10135 10136 10137 10247 10542 10558 10559 10562 10598 10629 10691 10766 10833 10917 10949 11035 11074 11085 11268 11311 11330 11383 11419 11446 11453 11477 11526 11528 11656 11658 11732 11790 11876 11883 11885 11886 11980 11981 11982 11983 11984 11985 11986 
	}
	weather={
	}
}
