
strategic_region={
	id=69
	name="STRATEGICREGION_69"
	provinces={
		478 634 1438 1439 1474 1475 2193 2194 2195 2999 3000 3001 3002 3003 3004 3140 3270 3271 3272 3295 3354 3355 3356 3357 3358 3359 3360 3361 3362 3363 3364 3365 3366 3367 3368 3369 3370 3371 3372 3771 3772 3962 3963 3964 4092 4093 4097 4098 4838 4839 4840 4841 4842 4843 5257 5265 5391 5392 5393 5559 5560 5562 5563 5617 5618 5619 5896 5897 5898 6004 6005 6006 6007 6091 6093 6125 6126 6127 6128 6129 6130 6310 6311 6756 6757 6778 6933 7176 7177 7245 7441 7526 7632 7633 7634 7662 7752 7814 7815 7826 7827 7828 8148 8149 8168 8196 8197 8243 8244 8245 8425 8513 8651 8812 8880 8921 8922 8925 8949 8950 8951 9182 9183 9487 9488 9613 9885 9892 10305 10331 10396 10445 10446 10464 10482 10504 10506 10581 10690 10785 10815 10849 10854 10902 10903 10969 11022 11240 11380 11565 11602 11749 11776 11784 11805 11899 11912 11941 20459 20460 20463 
	}
	weather={
		period={
			between={ 0.0 30.11 }
			temperature={ -10.0 35.0 }
			temperature_day_night={ 2.0 -2.0 }
			no_phenomenon=1.500
			rain_light=0.250
			rain_heavy=0.100
			snow=0.000
			blizzard=0.000
			mud=0.000
			sandstorm=0.000
			min_snow_level=0.000
		}
	}
}
