
strategic_region={
	id=70
	name="STRATEGICREGION_70"
	provinces={
		2505 2506 2507 2984 2985 2986 2987 2988 3118 3119 3120 3172 3613 3614 3615 3996 4211 4212 5100 5101 5133 5134 5135 5295 5472 5592 5593 5594 5664 6451 6452 6453 6454 6468 6469 6470 6471 6472 7120 7303 7623 7676 7686 7764 8011 8012 8518 8519 8788 8803 8944 9537 9538 10050 10100 10101 10431 10449 10451 10599 10776 11051 11094 11100 11251 11577 11715 11790 11881 11942 
	}
	weather={
		period={
			between={ 0.0 30.11 }
			temperature={ -10.0 35.0 }
			temperature_day_night={ 2.0 -2.0 }
			no_phenomenon=1.500
			rain_light=0.250
			rain_heavy=0.100
			snow=0.000
			blizzard=0.000
			mud=0.000
			sandstorm=0.000
			min_snow_level=0.000
		}
	}
}
