
strategic_region={
	id=71
	name="STRATEGICREGION_71"
	provinces={
		104 105 106 107 108 109 110 111 304 305 306 307 308 309 310 311 1448 1449 1450 1451 1452 1453 1688 1689 1695 1856 1857 1858 1859 2508 2509 2510 2511 2512 2513 2514 2515 2516 2517 2518 2660 2661 2662 2663 2664 2665 2666 2667 2668 2669 2949 2950 2951 2952 2953 2954 2955 2956 2957 3226 3227 3228 3229 4581 4582 4583 4584 4712 4713 4714 4715 4747 4984 5250 5251 5347 5500 5954 5956 5959 6149 6150 6151 6152 6153 6154 6155 6156 6157 6158 6631 6632 6633 6634 6635 6636 6646 6647 6653 6730 6731 7646 7647 7849 7907 8006 8109 8308 8309 8408 8409 8410 8411 8412 8413 8661 8818 9216 9217 9274 9342 9385 9505 9568 9589 9598 9599 9688 9795 9796 9813 9942 10109 10225 10229 10237 10307 10351 10513 10665 10692 10843 10844 10851 10883 10980 11171 11190 11289 11720 11756 11801 11857 11858 19520 
	}
	weather={
		period={
			between={ 0.0 30.11 }
			temperature={ -10.0 35.0 }
			temperature_day_night={ 2.0 -2.0 }
			no_phenomenon=1.500
			rain_light=0.250
			rain_heavy=0.100
			snow=0.000
			blizzard=0.000
			mud=0.000
			sandstorm=0.000
			min_snow_level=0.000
		}
	}
}
