
strategic_region={
	id=72
	name="STRATEGICREGION_72"
	provinces={
		677 678 1292 1293 1294 1445 1446 1447 1528 1625 1684 1685 1686 1687 1690 1691 1692 1693 1694 1696 1697 1698 1699 1700 1701 1702 1703 1704 1705 1706 1707 1853 1854 1855 2788 2789 2790 3017 3018 3019 3020 3021 3316 3317 3318 3319 3320 3321 3322 3323 3447 3448 3449 3596 4462 4463 4464 4465 4466 4579 4580 5032 5115 5116 5248 5249 5612 5613 5869 6316 6317 6318 6404 6405 6569 6570 6571 6572 6573 6574 6627 6628 6629 6630 6966 6967 7093 7094 7220 7221 7222 7233 7234 7235 7236 7237 7238 7455 7627 7806 7807 8119 8144 8185 8372 8383 8396 8397 8398 8673 8695 8706 8781 9086 9196 9204 9210 9586 9712 9713 9797 9826 9827 9897 9919 9920 9922 10222 10223 10224 10227 10399 10419 10430 10573 10667 10668 10880 10916 10998 11111 11147 11180 11181 11204 11250 11310 11317 11318 11421 11467 11470 11539 11560 11570 
	}
	weather={
		period={
			between={ 0.0 30.11 }
			temperature={ -10.0 35.0 }
			temperature_day_night={ 2.0 -2.0 }
			no_phenomenon=1.500
			rain_light=0.250
			rain_heavy=0.100
			snow=0.000
			blizzard=0.000
			mud=0.000
			sandstorm=0.000
			min_snow_level=0.000
		}
	}
}
