
strategic_region={
	id=74
	name="STRATEGICREGION_74"
	provinces={
		12018 12019 12449 12450 12914 13028 13175 13394 14495 14496 14497 14498 14499 14500 14501 14502 14503 14504 14588 14847 14848 14849 14850 15213 15214 15215 15216 15729 15879 15931 16195 16536 16618 16624 16625 16771 16772 16813 16874 17080 17081 17140 17410 17502 17655 17811 18067 18068 18161 18458 18460 18523 18703 18734 19225 
	}
	weather={
		period={
			between={ 0.0 30.11 }
			temperature={ -10.0 35.0 }
			temperature_day_night={ 2.0 -2.0 }
			no_phenomenon=1.500
			rain_light=0.250
			rain_heavy=0.100
			snow=0.000
			blizzard=0.000
			mud=0.000
			sandstorm=0.000
			min_snow_level=0.000
		}
	}
}
