
strategic_region={
	id=78
	name="STRATEGICREGION_78"
	provinces={
		12022 12060 12073 12111 12125 12143 12167 12182 12203 12253 12313 12357 12400 12413 12422 12441 12446 12456 12506 12531 12581 12593 12641 12710 12712 12806 12814 12850 12870 12901 12909 12916 12926 12931 12994 13006 13035 13058 13076 13116 13126 13144 13232 13242 13247 13261 13286 13287 13294 13370 13410 13412 13413 13414 13425 13434 13450 13476 13489 13491 13497 13533 13576 13630 13649 13651 13683 13686 13746 13764 13790 13808 13836 13918 13935 13962 13964 13991 14035 14051 14080 14088 14110 14134 14149 14156 14250 14277 14278 14283 14304 14393 14432 14458 14465 14473 14492 14569 14585 14597 14608 14619 14632 14667 14709 14731 14771 14772 14776 14827 14857 14880 14881 14893 14919 14951 14971 15024 15049 15054 15065 15128 15148 15159 15221 15258 15259 15274 15323 15374 15375 15386 15421 15438 15447 15463 15510 15551 15557 15584 15621 15643 15651 15665 15703 15727 15746 15752 15841 15845 15851 15885 15889 15950 15986 15989 16007 16042 16069 16085 16098 16115 16123 16136 16179 16181 16192 16212 16217 16279 16315 16350 16361 16382 16385 16399 16412 16466 16472 16498 16509 16532 16542 16599 16612 16622 16626 16639 16652 16745 16761 16774 16792 16793 16831 16853 16865 16921 16978 16994 17003 17013 17034 17057 17126 17152 17164 17169 17190 17225 17229 17268 17274 17286 17301 17339 17370 17376 17379 17385 17397 17411 17463 17468 17515 17517 17526 17552 17572 17576 17591 17607 17624 17627 17638 17692 17776 17787 17796 17803 17867 17888 17908 17911 17930 18026 18034 18065 18128 18158 18160 18174 18177 18183 18203 18210 18219 18222 18251 18321 18370 18373 18374 18399 18434 18473 18533 18535 18544 18556 18578 18584 18589 18594 18622 18698 18758 18813 18852 18860 18891 18900 18903 18906 18929 18935 18938 18968 18989 19008 19095 19098 19111 19125 19136 19155 19188 19194 19201 19210 19268 19310 19341 19362 19387 19401 19423 19437 19444 19461 19465 19480 
	}
	weather={
	}
}
