
strategic_region={
	id=79
	name="STRATEGICREGION_79"
	provinces={
		1118 2085 2272 2591 2633 3686 3724 3856 5180 5438 5877 6179 6340 6600 7141 7305 7599 7903 8066 8067 8324 8563 8791 8835 8871 9073 9698 9754 10158 10417 10669 10960 11062 11329 11491 20246 20250 20251 20255 20256 20257 20258 20264 20270 20276 20279 20280 20282 20285 20286 20287 20288 20289 20290 20291 20292 20293 20294 20295 20296 20297 20298 
	}
	weather={
		period={
			between={ 0.0 30.11 }
			temperature={ -10.0 35.0 }
			temperature_day_night={ 2.0 -2.0 }
			no_phenomenon=1.500
			rain_light=0.250
			rain_heavy=0.100
			snow=0.000
			blizzard=0.000
			mud=0.000
			sandstorm=0.000
			min_snow_level=0.000
		}
	}
}
