
strategic_region={
	id=80
	name="STRATEGICREGION_80"
	provinces={
		245 246 247 248 269 270 271 272 273 274 275 276 277 654 655 656 659 660 661 662 663 664 665 666 667 668 669 670 671 737 738 818 819 961 1002 1003 1004 1005 1006 1007 1008 1009 1010 1011 1012 1375 1376 1377 1378 1379 1380 1381 1382 1383 1384 1385 1386 1387 1388 1389 1390 1391 1392 1393 1394 1395 1568 1569 1570 1571 1572 1573 1574 1575 1576 1577 1578 1579 1580 1581 1582 1583 1584 1585 1586 1587 1620 1750 1751 1752 1753 1988 2015 2016 2017 2018 2019 2049 2206 2207 2208 2209 2256 2257 2258 2259 2260 2369 2370 2371 2372 2373 2390 2391 2392 2393 2406 2407 2408 2409 2410 2441 2786 2787 2856 2865 2866 3032 3058 3059 3060 3061 3085 3086 3087 3276 3502 3503 3504 3505 3506 3602 3603 3604 3680 3681 3812 3813 3814 3815 3816 3817 3818 3819 3820 3860 3861 3920 3950 3951 3952 4019 4102 4103 4104 4105 4106 4107 4154 4479 4480 4481 4482 4483 4484 4485 4569 4570 4649 4680 4681 4682 4683 4684 4697 4698 4699 4700 4701 4702 4703 4765 4766 4767 4768 4769 4770 4777 4778 4779 4780 4781 4860 4861 4906 4907 4908 4923 4967 4968 4969 4970 5041 5042 5043 5044 5045 5046 5047 5048 5089 5152 5153 5154 5184 5185 5186 5187 5188 5189 5229 5258 5259 5260 5299 5300 5301 5302 5303 5304 5305 5306 5328 5329 5330 5340 5464 5535 5536 5537 5552 5553 5554 5555 5556 5557 5558 5695 5747 5748 5863 5864 5865 5866 5867 5868 5982 5990 6059 6060 6061 6062 6063 6071 6094 6095 6096 6097 6098 6240 6391 6392 6393 6394 6744 6745 6746 6747 6748 6749 6750 6751 6752 6773 6774 6775 6784 6785 6877 6878 6879 6880 6912 6913 6934 6935 6936 6942 6943 6969 6970 6971 6972 6974 6975 7031 7113 7165 7253 7283 7284 7285 7293 7294 7308 7309 7349 7350 7351 7375 7427 7428 7519 7520 7521 7522 7523 7524 7542 7570 7588 7617 7663 7664 7665 7666 7668 7694 7738 7779 7859 7871 7872 7873 7882 7883 7901 7946 7947 7977 7990 8001 8024 8031 8032 8065 8101 8138 8150 8202 8334 8350 8430 8431 8436 8437 8448 8452 8453 8474 8475 8546 8548 8591 8592 8593 8612 8613 8614 8699 8708 8726 8727 8735 8752 8753 8755 8756 8761 8762 8800 8828 8829 8905 8932 8959 8960 9017 9035 9054 9071 9074 9075 9085 9113 9148 9166 9171 9197 9226 9227 9252 9294 9351 9355 9356 9359 9376 9493 9594 9601 9611 9612 9659 9683 9717 9724 9736 9737 9776 9785 9793 9794 9798 9800 9810 9819 9846 9847 9848 9849 9894 9898 9899 9950 9967 10037 10040 10177 10185 10188 10194 10195 10196 10212 10221 10255 10265 10290 10304 10344 10350 10369 10385 10422 10423 10436 10460 10462 10473 10505 10520 10540 10574 10586 10704 10709 10743 10753 10754 10755 10759 10777 10852 10919 10990 11036 11070 11095 11101 11151 11168 11169 11173 11218 11239 11243 11266 11267 11275 11332 11354 11364 11367 11381 11382 11384 11407 11417 11499 11500 11532 11551 11590 11600 11622 11623 11670 11687 11696 11726 11743 11797 11837 11839 11887 11906 11936 11938 11944 
	}
	weather={
	}
}
