
strategic_region={
	id=82
	name="STRATEGICREGION_82"
	provinces={
		86 87 88 89 90 91 92 180 181 182 183 184 185 186 220 221 222 223 224 225 226 227 228 229 230 249 289 290 291 292 293 294 295 296 297 298 299 300 301 302 313 314 315 316 317 318 319 364 365 366 367 368 369 370 371 457 458 459 460 515 516 517 606 607 608 609 631 642 643 644 645 646 651 652 653 654 655 656 657 658 659 709 741 742 743 744 745 746 747 748 756 757 862 863 864 924 992 993 994 995 996 997 998 999 1000 1001 1021 1022 1023 1024 1025 1026 1027 1028 1030 1031 1032 1033 1034 1035 1036 1037 1038 1039 1040 1041 1042 1043 1044 1045 1046 1047 1203 1204 1205 1206 1207 1223 1224 1225 1226 1227 1228 1229 1230 1243 1244 1245 1277 1278 1279 1280 1281 1478 1479 1480 1481 1482 1483 1537 1538 1539 1540 1541 1542 1543 1544 1545 1546 1547 1548 1549 1550 1551 1552 1553 1638 1639 1640 1641 1642 1643 1660 1661 1662 1663 1664 1665 1666 1667 1668 1669 1670 1671 1672 1673 1674 1675 1676 1677 1678 1679 1680 1681 1682 1683 1792 1793 1918 1919 1920 1921 1955 1956 1957 1958 1959 1960 1961 1962 1964 1987 1988 1989 1990 1991 1994 1995 2012 2013 2038 2039 2040 2041 2042 2044 2057 2058 2059 2160 2161 2162 2163 2164 2165 2166 2167 2179 2180 2364 2365 2366 2520 2521 2522 2523 2524 2525 2526 2527 2528 2580 2581 2582 2583 2584 2585 2635 2670 2671 2672 2673 2674 2675 2676 2763 2764 2791 2792 2793 2794 2795 2796 2797 2798 2799 2800 2801 2802 2803 2804 2805 2806 2807 2808 2824 2825 2826 2827 2828 2829 2830 2831 2832 2833 2834 2835 2836 2837 2838 2839 2840 2841 2848 2849 2850 2851 2852 2853 2854 2855 2856 2892 2893 2894 2895 2896 2897 2898 2899 2900 2901 2902 2903 2904 2905 2906 2939 2940 2941 2942 2943 3084 3090 3091 3168 3169 3170 3409 3410 3411 3412 3417 3418 3419 3433 3434 3435 3464 3465 3466 3478 3479 3480 3482 3509 3510 3511 3512 3513 3523 3532 3533 3534 3576 3577 3578 3579 3580 3581 3582 3583 3584 3585 3589 3590 3591 3592 3593 3621 3622 3623 3624 3625 3660 3661 3662 3663 3690 3764 3765 3766 3779 3780 3781 3785 3788 3789 3790 3791 3792 3804 3825 3908 3909 3910 3911 3939 3943 3944 3945 3946 3947 3948 3949 3956 3957 3958 3959 3960 3961 4063 4086 4224 4225 4244 4245 4246 4289 4290 4441 4442 4443 4444 4445 4469 4470 4471 4472 4473 4474 4475 4476 4563 4564 4639 4640 4641 4642 4643 4644 4645 4646 4662 4663 4664 4665 4666 4705 4706 4707 4708 4748 4782 4820 4823 4824 4825 4826 4900 4901 4902 4909 4910 4911 4912 4913 4914 4915 4916 4917 4971 4972 5054 5055 5056 5057 5058 5059 5060 5061 5062 5063 5064 5088 5132 5136 5137 5138 5158 5159 5160 5161 5162 5166 5167 5168 5169 5170 5171 5172 5173 5190 5191 5192 5247 5321 5327 5362 5363 5364 5365 5366 5367 5374 5375 5394 5508 5509 5510 5511 5512 5513 5514 5533 5605 5637 5638 5639 5640 5641 5642 5716 5718 5724 5725 5726 5727 5773 5786 5787 5788 5796 5827 5828 5829 5830 5837 5838 5839 5840 5841 5870 5871 5872 5882 5883 5970 5971 5972 5973 5974 5975 5976 5977 5983 5984 5985 5992 5993 5994 6013 6014 6015 6016 6017 6021 6022 6064 6065 6119 6120 6215 6216 6217 6218 6219 6220 6235 6236 6237 6238 6239 6264 6265 6279 6294 6346 6444 6445 6446 6456 6457 6458 6497 6500 6542 6543 6547 6548 6549 6575 6576 6615 6616 6617 6625 6626 6665 6675 6698 6699 6701 6718 6719 6773 6774 6777 6806 6807 6808 6809 6838 6839 6840 6854 6855 6856 6857 6858 6859 6860 6863 6864 6865 6873 6874 6914 6964 6965 6981 6982 6983 6984 7001 7003 7004 7005 7010 7011 7051 7063 7076 7077 7096 7135 7136 7137 7139 7140 7142 7174 7211 7212 7214 7223 7224 7225 7255 7256 7343 7346 7347 7348 7363 7364 7397 7414 7415 7425 7426 7435 7444 7445 7458 7459 7460 7461 7462 7491 7492 7493 7494 7502 7503 7504 7505 7506 7507 7509 7527 7528 7529 7530 7602 7603 7643 7654 7674 7728 7732 7779 7800 7801 7802 7803 7817 7830 7831 7832 7833 7834 7835 7836 7837 7838 7844 7845 7856 7857 7904 7914 7926 7933 7934 7951 7952 7971 7972 7977 8005 8024 8033 8034 8056 8069 8084 8085 8086 8152 8153 8229 8230 8234 8241 8299 8328 8329 8330 8336 8373 8387 8442 8505 8508 8577 8581 8582 8602 8607 8644 8665 8666 8667 8668 8669 8730 8758 8766 8805 8809 8810 8825 8826 8827 8857 8899 8900 8934 8938 8965 8983 9019 9020 9021 9022 9044 9045 9056 9057 9068 9087 9088 9097 9122 9180 9181 9207 9236 9281 9282 9317 9355 9419 9448 9449 9457 9489 9507 9508 9513 9527 9546 9549 9554 9647 9648 9658 9665 9738 9741 9742 9743 9824 9831 9832 9923 9924 9932 9933 9934 9963 9998 10016 10032 10043 10069 10070 10071 10081 10091 10096 10125 10139 10152 10202 10233 10234 10235 10244 10254 10255 10291 10292 10302 10309 10310 10345 10350 10358 10364 10368 10398 10414 10416 10438 10439 10453 10476 10483 10494 10498 10503 10508 10519 10570 10577 10594 10603 10607 10622 10633 10641 10642 10671 10679 10719 10721 10730 10778 10784 10789 10790 10791 10792 10795 10813 10822 10834 10839 10840 10864 10896 10900 10915 10923 10935 10948 10950 10958 10964 10970 10971 10972 10973 11023 11045 11067 11068 11105 11161 11245 11260 11263 11279 11283 11303 11306 11312 11326 11336 11337 11351 11364 11370 11409 11413 11414 11433 11435 11449 11459 11461 11463 11485 11488 11496 11498 11512 11513 11533 11535 11558 11559 11566 11567 11572 11583 11584 11588 11592 11603 11618 11642 11650 11657 11675 11688 11701 11710 11713 11716 11731 11734 11742 11773 11795 11807 11812 11815 11820 11823 11835 11847 11848 11859 11860 11871 11880 11908 21045 
	}
	weather={
		period={
			between={ 0.0 29.5 }
			temperature={ -10.0 35.0 }
			temperature_day_night={ 2.0 -2.0 }
			no_phenomenon=1.500
			rain_light=0.250
			rain_heavy=0.100
			snow=0.000
			blizzard=0.000
			mud=0.000
			sandstorm=0.000
			min_snow_level=0.000
		}
		period={
			between={ 0.6 30.11 }
			temperature={ -10.0 35.0 }
			temperature_day_night={ 2.0 -2.0 }
			no_phenomenon=1.500
			rain_light=0.250
			rain_heavy=0.100
			snow=0.000
			blizzard=0.000
			mud=0.000
			sandstorm=0.000
			min_snow_level=0.000
		}
		period={
			between={ 0.0 30.11 }
			temperature={ -10.0 35.0 }
			temperature_day_night={ 2.0 -2.0 }
			no_phenomenon=1.500
			rain_light=0.250
			rain_heavy=0.100
			snow=0.000
			blizzard=0.000
			mud=0.000
			sandstorm=0.000
			min_snow_level=0.000
		}
	}
}
