
strategic_region={
	id=83
	name="STRATEGICREGION_83"
	provinces={
		24 114 129 134 231 244 279 337 386 407 552 553 554 576 577 632 633 647 648 710 711 712 740 793 814 877 927 942 990 1029 1135 1136 1137 1139 1140 1141 1142 1174 1208 1209 1210 1323 1336 1337 1637 1659 1710 1726 1879 1888 1900 1913 1963 2043 2045 2046 2047 2060 2061 2062 2113 2172 2198 2213 2268 2346 2359 2519 2708 2713 2867 2874 2886 2989 2994 3088 3273 3290 3377 3471 3477 3531 3627 3636 3689 3707 3739 3744 3762 3770 3839 3862 3976 3995 4101 4155 4277 4304 4311 4337 4338 4352 4354 4355 4377 4379 4451 4467 4477 4478 4561 4566 4567 4568 4609 4654 4669 4754 4799 4801 4804 4805 4827 4949 5155 5198 5241 5252 5264 5280 5289 5292 5342 5343 5350 5355 5358 5371 5390 5471 5540 5544 5583 5614 5620 5623 5647 5661 5670 5672 5723 5730 5731 5746 5753 5860 5862 5873 5895 5905 5927 6056 6057 6070 6090 6105 6110 6122 6123 6138 6172 6175 6176 6180 6189 6195 6196 6197 6233 6251 6288 6289 6298 6312 6319 6335 6366 6384 6400 6447 6475 6498 6511 6534 6535 6546 6559 6581 6593 6601 6607 6622 6644 6681 6702 6720 6725 6764 6799 6816 6837 6876 6884 6885 6888 6904 6911 6929 6939 6952 7012 7020 7052 7064 7095 7122 7148 7160 7226 7232 7239 7257 7295 7296 7302 7330 7331 7333 7340 7368 7369 7374 7376 7434 7476 7508 7512 7525 7531 7551 7573 7587 7622 7639 7640 7649 7652 7655 7656 7657 7660 7687 7702 7709 7712 7729 7736 7753 7783 7805 7855 7869 7884 7885 7889 7911 7929 7935 7954 7991 8049 8098 8112 8123 8165 8193 8194 8247 8262 8293 8310 8335 8339 8369 8374 8381 8386 8395 8399 8405 8417 8429 8434 8447 8449 8462 8512 8524 8541 8579 8596 8631 8632 8635 8645 8654 8672 8683 8698 8703 8719 8739 8767 8772 8802 8816 8819 8822 8831 8834 8836 8837 8839 8853 8883 8908 8909 8948 8973 8995 9018 9051 9098 9102 9147 9165 9176 9190 9208 9214 9224 9233 9246 9265 9275 9277 9278 9323 9329 9346 9365 9382 9427 9439 9441 9475 9481 9490 9519 9536 9544 9550 9555 9556 9566 9595 9605 9621 9651 9653 9664 9668 9672 9700 9701 9707 9720 9721 9722 9723 9727 9734 9759 9766 9769 9773 9782 9799 9802 9804 9833 9853 9857 9869 9896 9905 9921 9935 9936 9944 9954 10019 10026 10027 10038 10054 10080 10095 10102 10130 10147 10203 10220 10243 10272 10288 10317 10333 10343 10355 10366 10412 10443 10456 10500 10521 10534 10538 10539 10544 10553 10557 10563 10572 10585 10610 10612 10651 10701 10710 10746 10747 10749 10811 10826 10858 10893 10907 10927 10983 10994 11010 11034 11077 11088 11108 11115 11167 11179 11197 11202 11213 11219 11230 11232 11238 11249 11256 11276 11278 11284 11293 11315 11379 11393 11418 11478 11571 11574 11587 11596 11631 11661 11695 11735 11736 11741 11748 11750 11758 11770 11777 11800 11868 11897 11939 11943 11947 11949 
	}
	weather={
		period={
			between={ 0.0 29.5 }
			temperature={ -10.0 35.0 }
			temperature_day_night={ 2.0 -2.0 }
			no_phenomenon=1.500
			rain_light=0.250
			rain_heavy=0.100
			snow=0.000
			blizzard=0.000
			mud=0.000
			sandstorm=0.000
			min_snow_level=0.000
		}
		period={
			between={ 0.6 30.11 }
			temperature={ -10.0 35.0 }
			temperature_day_night={ 2.0 -2.0 }
			no_phenomenon=1.500
			rain_light=0.250
			rain_heavy=0.100
			snow=0.000
			blizzard=0.000
			mud=0.000
			sandstorm=0.000
			min_snow_level=0.000
		}
	}
}
