
strategic_region={
	id=89
	name="STRATEGICREGION_89"
	provinces={
		12033 12034 12244 12373 12953 12979 13041 13042 13086 13092 13618 13728 13729 13730 13731 13732 13733 13770 13793 13931 14191 14367 14368 14369 14370 14371 14460 14461 14462 14463 15040 15322 15345 15394 15395 15396 15527 15629 15708 15709 15710 15859 15971 16096 16182 16183 16184 16185 16243 16244 16245 16360 16742 16743 16744 16819 17022 17189 17233 17234 17235 17236 17237 17265 17454 17541 17718 17945 18206 18207 18208 18299 18340 18367 18388 18403 18446 18507 18604 18649 18711 18745 18921 19027 19202 19355 19381 
	}
	weather={
		period={
			between={ 0.0 30.11 }
			temperature={ -10.0 35.0 }
			temperature_day_night={ 2.0 -2.0 }
			no_phenomenon=1.500
			rain_light=0.250
			rain_heavy=0.100
			snow=0.000
			blizzard=0.000
			mud=0.000
			sandstorm=0.000
			min_snow_level=0.000
		}
	}
}
