
strategic_region={
	id=93
	name="STRATEGICREGION_93"
	provinces={
		1907 1908 3886 4612 4613 5456 6412 6413 7298 7299 7966 8355 8700 8789 9693 9823 9874 9875 10378 10857 11291 11838 11969 11970 11972 11973 11974 12099 12100 12130 12366 13052 13053 13111 13275 13276 13277 13278 13279 13448 13551 13684 13685 13933 13998 14195 14386 14536 14537 14538 14803 14804 14805 14947 15313 15517 15518 15520 15521 15522 15523 15686 15687 15933 15934 16149 16171 16172 16674 16892 16930 17343 17344 17500 17802 17853 17854 17920 18279 18502 18646 18841 18857 19450 19462 19479 
	}
	weather={
		period={
			between={ 0.0 29.5 }
			temperature={ -10.0 35.0 }
			temperature_day_night={ 2.0 -2.0 }
			no_phenomenon=1.500
			rain_light=0.250
			rain_heavy=0.100
			snow=0.000
			blizzard=0.000
			mud=0.000
			sandstorm=0.000
			min_snow_level=0.000
		}
		period={
			between={ 0.6 30.11 }
			temperature={ -10.0 35.0 }
			temperature_day_night={ 2.0 -2.0 }
			no_phenomenon=1.500
			rain_light=0.250
			rain_heavy=0.100
			snow=0.000
			blizzard=0.000
			mud=0.000
			sandstorm=0.000
			min_snow_level=0.000
		}
	}
}
