
strategic_region={
	id=99
	name="STRATEGICREGION_99"
	provinces={
		12061 12156 12157 12158 12375 12425 12426 12427 12428 12451 12452 12725 12734 12805 12831 12832 12888 12889 12890 12891 12932 12964 13033 13074 13165 13324 13570 13637 13700 13884 13885 13981 13982 13983 14074 14081 14135 14235 14334 14340 14399 14531 14532 14571 14576 14577 14578 14646 14694 14728 14766 14767 14825 14965 14994 15002 15053 15262 15306 15307 15308 15379 15380 15392 15450 15451 15758 15759 15760 15761 15870 15871 15893 15894 15895 15935 15972 16248 16249 16252 16253 16312 16334 16561 16562 16563 16566 16699 16894 16911 17067 17087 17144 17145 17263 17264 17436 17470 17489 17549 17550 17551 17654 17685 17700 17705 17863 18050 18082 18304 18320 18427 18474 18814 18898 18964 19094 19242 19391 19403 19413 19433 
	}
	weather={
		period={
			between={ 0.0 30.11 }
			temperature={ -10.0 35.0 }
			temperature_day_night={ 2.0 -2.0 }
			no_phenomenon=1.500
			rain_light=0.250
			rain_heavy=0.100
			snow=0.000
			blizzard=0.000
			mud=0.000
			sandstorm=0.000
			min_snow_level=0.000
		}
	}
}
