
state={
	id=147
	name="STATE_147"
	provinces={
		220 221 222 223 224 225 226 227 228 229 230 300 301 313 314 315 316 317 318 319 364 365 366 367 368 369 370 371 457 458 459 460 515 516 517 606 607 608 654 655 656 657 658 659 741 742 743 744 745 746 747 748 756 757 862 863 864 992 993 994 995 996 997 998 999 1000 1001 1030 1031 1032 1033 1034 1203 1204 1205 1206 1207 1223 1224 1225 1226 1227 1228 1229 1230 1243 1244 1245 1480 1481 1537 1538 1539 1540 1541 1542 1543 1544 1545 1546 1547 1548 1549 1550 1551 1552 1553 1638 1639 1640 1641 1642 1643 1792 1793 1955 1956 1957 1958 1959 1960 1961 1962 1987 1988 1989 1990 1991 2012 2013 2160 2161 2162 2163 2164 2165 2166 2167 2179 2180 2364 2365 2366 2520 2521 2522 2523 2524 2525 2526 2527 2528 2580 2581 2582 2583 2584 2585 2635 2763 2764 2796 2848 2849 2850 2851 2852 2853 2854 2855 2856 2892 2893 2894 2895 2896 2897 2898 2899 2900 2901 2902 2903 2904 2905 2906 2939 2940 2941 2942 2943 3409 3410 3411 3412 3433 3434 3435 3523 3533 3534 3576 3577 3578 3579 3580 3581 3582 3583 3584 3585 3660 3661 3662 3663 3690 3785 3788 3789 3790 3791 3792 3804 3943 3944 3945 3946 3947 3948 4063 4224 4225 4290 4563 4564 4639 4640 4641 4642 4643 4644 4645 4646 4662 4663 4664 4665 4666 4748 4782 4823 4824 4825 4909 4910 4911 4912 4913 4914 4915 4916 4917 5132 5159 5160 5161 5162 5191 5192 5374 5375 5508 5509 5510 5511 5512 5513 5514 5533 5724 5725 5726 5727 5827 5828 5829 5830 5837 5838 5839 5840 5841 5882 5883 5970 5971 5972 5973 5974 5975 5976 5977 5992 5993 5994 6013 6014 6015 6016 6017 6235 6236 6237 6238 6239 6279 6346 6444 6445 6446 6497 6500 6542 6543 6547 6548 6549 6575 6576 6615 6675 6701 6773 6774 6777 6806 6807 6808 6809 6863 6864 6865 6873 6874 6981 6982 6983 6984 7010 7011 7051 7063 7096 7142 7174 7223 7224 7225 7255 7256 7343 7346 7347 7348 7363 7364 7414 7415 7425 7435 7491 7492 7502 7503 7504 7505 7506 7507 7509 7602 7643 7728 7732 7779 7904 7926 7951 7952 7977 8024 8033 8034 8056 8084 8085 8086 8229 8230 8299 8328 8329 8330 8336 8442 8505 8577 8644 8665 8666 8667 8668 8669 8730 8805 8809 8810 8899 8900 8938 8965 8983 9044 9045 9056 9057 9068 9122 9207 9236 9281 9282 9355 9448 9449 9457 9507 9508 9513 9527 9546 9738 9831 9832 9924 9932 9933 9963 9998 10043 10069 10070 10071 10081 10096 10125 10139 10233 10234 10235 10244 10254 10255 10291 10292 10302 10309 10350 10358 10364 10398 10476 10494 10508 10519 10570 10577 10603 10607 10622 10633 10642 10679 10719 10784 10789 10790 10795 10839 10864 10896 10900 10915 10935 10948 10950 10958 10964 10971 10972 10973 11045 11067 11068 11105 11245 11260 11263 11279 11283 11303 11306 11312 11326 11336 11337 11351 11364 11370 11413 11414 11433 11449 11459 11463 11485 11488 11496 11512 11533 11535 11559 11572 11592 11657 11675 11701 11713 11734 11773 11795 11807 11820 11823 11835 11847 11871 21045 
	}
	manpower=100
	buildings_max_level_factor=1.000
	state_category=metropolis
}
