
state={
	id=284
	name="STATE_284"
	provinces={
		245 246 247 248 661 662 663 664 665 666 667 668 669 670 671 737 738 818 819 1003 1004 1005 1007 1010 1011 1012 1750 1751 1752 2015 2016 2017 2018 2019 2256 2257 2258 2259 2260 2369 2370 2371 2372 2373 2441 3058 3059 3060 3061 3680 3681 3812 3813 3814 3815 3816 3817 3818 3819 3820 3860 3861 4102 4103 4104 4105 4106 4107 4154 4649 4697 4698 4699 4700 4701 4702 4703 4777 4778 4779 4780 4781 4860 4861 4923 4967 4968 4969 4970 5041 5042 5043 5154 5258 5259 5260 5299 5300 5301 5302 5303 5304 5340 5464 5867 5868 6071 6744 6745 6746 6748 6749 6750 6751 6752 6784 6785 6969 6970 6971 6972 7293 7308 7309 7349 7350 7351 7375 7427 7428 7542 7588 7617 7859 7871 7872 7873 7882 7883 7901 7946 7947 7990 8138 8150 8430 8431 8448 8614 8699 8726 8735 8755 8756 8761 8762 8959 8960 9035 9071 9074 9075 9148 9197 9226 9227 9252 9294 9351 9376 9611 9612 9683 9717 9724 9736 9737 9776 9785 9846 9847 9848 9849 9894 9898 9899 9950 9967 10040 10194 10195 10196 10290 10304 10369 10422 10423 10505 10586 10704 10709 10753 10754 10755 10759 10777 11095 11173 11243 11266 11267 11332 11354 11532 11590 11622 11623 11670 11687 11696 11839 11936 11944 
	}
	manpower=100
	buildings_max_level_factor=1.000
	state_category=metropolis
}
