
state={
	id=453
	name="STATE_453"

	

	provinces={
		354 1436 1717 1718 1719 2312 2313 3200 3833 3840 4276 4589 4877 5037 5038 5039 5385 5402 5405 5538 5607 5608 5683 5684 5685 5686 5687 5743 5783 5832 5833 5849 5935 6008 6183 6228 6229 6230 6291 6292 6293 6297 6375 6408 6553 6618 7032 7470 7591 7916 8039 8040 8270 8289 8327 8353 8354 8564 8604 8760 8780 8936 9067 9114 9163 9345 9610 9656 9843 9870 10018 10044 10052 10142 10452 10491 10492 10509 10548 10549 10636 10762 10967 11285 11635 11636 11766 
	}
	manpower=100
	buildings_max_level_factor=1.000
	state_category=metropolis
}
