
state={
	id=467
	name="STATE_467"

	

	provinces={
		190 278 477 902 991 1015 1101 1440 1441 1442 2692 2926 3888 3940 4565 5286 5386 5399 5495 5915 6011 6431 6557 6558 6815 6829 6875 6957 7045 7399 7536 7554 7558 7625 7678 7812 7898 7964 8061 8222 8274 8331 8348 8349 8712 8785 8795 8866 8878 9078 9099 9103 9234 9292 9372 9452 9514 9563 9602 9634 9639 9946 10004 10117 10143 10262 10284 10442 10465 10469 10606 11033 11460 11604 11724 11755 11792 11922 
	}
	manpower=100
	buildings_max_level_factor=1.000
	state_category=metropolis
}
