
state={
	id=525
	name="STATE_525"

	history={
		owner = IMJ
		add_core_of = IMJ

	}

	provinces={
		1048 1049 1050 1051 1052 1053 1166 1236 1922 1923 1924 1925 2266 2361 3035 3097 3696 3697 3916 4371 4372 4859 5031 5139 5278 5376 5457 5458 5459 5906 5981 6283 6306 6345 6492 6599 6871 7081 7175 7218 7345 7454 7626 7749 8129 8377 8621 8910 9028 9029 9254 9350 9375 9635 9751 10046 10339 10507 10576 10623 10756 10783 10806 11000 11144 11205 11290 11569 11745 11811 
	}
	manpower=100
	buildings_max_level_factor=1.000
	state_category=metropolis
}
