
state={
	id=532
	name="STATE_532"

	history={
		owner = CAT
		add_core_of = CAT

	}

	provinces={
		61 189 401 455 641 717 887 1100 1324 1454 1516 1517 1567 1926 1999 2028 2210 2212 2360 2395 2547 2755 2770 2809 2813 2842 2891 2982 3016 3065 3315 3432 3626 3731 3821 3822 3955 3975 4005 4045 4251 4396 4418 4440 4468 4572 4595 4670 4671 4672 4679 4720 4800 4829 4905 4935 4962 5009 5035 5120 5140 5279 5291 5496 5816 5904 5926 6009 6024 6039 6227 6359 6499 6561 6568 6624 6692 6714 6733 6734 6779 6823 6834 6901 6941 6953 6954 7091 7092 7215 7231 7273 7457 7579 7607 7671 7695 7750 7784 7797 7945 7950 8190 8260 8603 8630 8676 8677 8776 8945 8946 9016 9043 9121 9158 9215 9283 9324 9497 9520 9684 9973 10155 10245 10488 10591 10620 10744 10751 10848 10870 10906 10940 11084 11127 11208 11217 11357 11378  
	}
	manpower=100
	buildings_max_level_factor=1.000
	state_category=metropolis
}
