
state={
	id=605
	name="STATE_605"

	history={
		owner = KRA
		add_core_of = KRA

	}

	provinces={
		179 713 714 715 716 944 1013 1014 2247 2248 3413 3414 3415 3837 3838 3954 4299 4300 4301 4302 4303 4387 4388 4389 4390 4524 4525 4526 4527 4528 4529 4530 4531 4532 6085 6159 6169 6170 6280 6281 6282 6348 6682 6817 7000 7366 7757 8237 8323 8477 8601 8896 8927 8928 9063 9149 9256 9287 9392 9431 9609 10063 10516 10621 10658 10772 10773 11149 11300 11722 11788 11826 11923 
	}
	manpower=100
	buildings_max_level_factor=1.000
	state_category=metropolis
}
